000010479	હેબિયર્સ	1.02	1.68
000040356	સ્ટાઇલ	1.21	1.54
000040471	લેવું	4.57	4.83
000050393	સુરીનામ	4.02	4.67
000060285	હિઝબુલના	3.78	4.51
000070303	સમ્રાટ	1.85	2.4
000070303	સમ્રાટ	4.23	4.64
000070426	હકદાર	3.73	4.33
000080183	આચરણ	3.99	4.49
000080285	અર્થવ્યવસ્થા	0.87	1.67
000080285	અર્થવ્યવસ્થા	5.21	5.87
000090130	જામજોધપુર	0.35	1.28
000090287	કોઠી	2.19	2.86
000100082	ઘડિયાળ	1.25	1.7
000100082	ઘડિયાળ	2.66	3.04
000100348	શ્રીમતી	1.17	1.71
000100355	પુરાણ	0.8	1.14
000100355	પુરાણ	4.13	4.51
000110015	તલાક	2.16	2.55
000110481	પોટા	2.65	3.13
000110481	પોટા	5.83	6.15
000110484	મસ્જિદ	4.07	4.4
000110485	એન્જિન	5.84	6.3
000120053	સમ્રાટ	2.56	3.35
000120171	અયોધ્યામાં	6.84	7.53
000120176	સમાધીએ	1.63	2.2
000120309	સોશ્યિલ	3.35	3.87
000120320	ખાંભા	0.44	0.84
000120372	સન્યાસ	5.17	5.61
000120460	સેવાઓને	1.75	2.18
000130005	સેહવાગ	3.13	3.59
000130494	માંડલ	0.34	0.75
000140122	સ્થાપવાનો	6.92	7.44
000160057	હમીરજી	0.4	0.97
000160082	રસ્તે	3.59	3.95
000160203	સિંચાઈ	2.87	3.26
000160203	સિંચાઈ	6.06	6.56
000160424	બેંકો	0.82	1.22
000160461	લવ	0.6	0.91
000160461	લવ	4.52	4.74
000170267	સીઝ	2.15	2.45
000170412	અપાવે	3.43	3.81
000170465	કોઠી	0.41	0.72
000180023	સહાયક	3.15	3.64
000180051	બેંકો	0.41	0.83
000180051	બેંકો	3.92	4.3
000180147	સમૂહમાં	0.66	1.12
000180147	સમૂહમાં	2.4	2.84
000190087	ભટ્ટ	1.79	2.06
000190174	ધાતુ	1.16	1.5
000190174	ધાતુ	2.55	2.94
000190174	ધાતુ	4.02	4.35
000190216	સઇહા	0.03	0.47
000190396	હિલેરીએ	1.96	2.47
000190452	અવસ્થામાં	1.4	2.0
000190479	હદમાં	1.24	1.72
000200045	સળંગ	1.67	2.02
000210013	ખાદી	2.67	3.04
000210023	માંડ	1.48	1.82
000210054	વૃક્ષ	1.79	2.18
000210136	જોધપુર	4.32	4.86
000210332	ક્યાંક	0.44	0.67
000210332	ક્યાંક	1.6	1.86
000230423	પરિવારમાંથી	0.81	1.45
000250172	ધોધ	0.76	0.93
000250184	મઠ	1.72	2.02
000250184	મઠ	5.05	5.25
000250211	હેલ્થકેર	5.27	6.09
000250234	સળગતા	3.69	4.17
000250273	ઓફિસર	1.43	1.9
000250273	ઓફિસર	3.57	4.02
000250277	સંરક્ષક	1.59	2.23
000250277	સંરક્ષક	2.96	3.5
000250400	સ્પીડ	1.0	1.32
000250458	ટેક્સ	1.83	2.15
000250480	હેરી	3.73	4.14
000260041	સમીકરણોને	0.35	0.97
000260283	સેલવાસ	2.89	3.42
000260327	શ્રીમતી	5.23	5.75
000260327	શ્રીમતી	6.97	7.53
000260345	સાક્ષરતા	3.24	3.93
000260382	ઘાટલોડિયા	1.47	2.07
000260410	સામેં	1.03	1.42
000260414	હોસ્પિટલની	2.9	3.51
000260430	ભટ્ટ	2.16	2.37
000260496	કેપ	1.83	2.15
000270064	મીઠા	2.02	2.37
000270064	મીઠા	5.54	5.89
000270225	આયરિશ	1.16	1.67
000270225	આયરિશ	3.2	3.6
000270261	સહાયક	2.73	3.2
000270265	ક્રમની	1.28	1.84
000270485	દેવળા	0.44	0.85
000280107	કોઠી	4.81	5.13
000280115	બિંદુ	2.33	2.69
000280115	બિંદુ	3.87	4.13
000280216	દુનિયાને	5.74	6.21
000280224	બાલ	1.17	1.47
000280224	બાલ	1.47	1.66
000280240	સ્વદેશી	3.96	4.44
000280245	સિંચાઈ	2.43	2.78
000280274	સ્કોર	2.91	3.22
000280274	સ્કોર	5.3	5.61
000280379	આપની	2.32	2.87
000280379	આપની	3.61	4.09
000280478	હલનચલન	2.93	3.55
000290132	જોધપુર	0.77	1.15
000290132	જોધપુર	1.58	1.91
000290244	હિન્દુસ્તાની	6.26	6.86
000290253	જિનપિંગ	2.05	2.67
000290325	જબલપુર	0.48	0.93
000290325	જબલપુર	2.22	2.73
000290472	સમ્રાટ	1.56	1.98
000290490	સંખેડા	0.43	0.88
000290490	સંખેડા	4.3	4.73
000300022	આપની	0.6	0.94
000300048	દુનિયાને	0.16	0.62
000300144	લગ્નો	2.9	3.38
000300144	લગ્નો	6.32	6.81
000310141	દયાનંદ	2.48	2.98
000310418	ક્ષેત્રીય	1.0	1.45
000320050	વિઝા	2.06	2.53
000320076	બ્લેકબેરી	0.71	1.24
000320076	બ્લેકબેરી	2.41	2.92
000320131	સીમાને	1.73	2.15
000320132	પાંડવો	1.18	1.6
000320134	રણ	4.94	5.22
000320199	અરબી	1.54	1.83
000320199	અરબી	3.37	3.74
000320307	મહા	4.68	4.94
000320307	મહા	6.03	6.32
000330011	હિંસાનાં	2.12	2.72
000330076	આચરણ	2.36	2.97
000330076	આચરણ	6.0	6.43
000330112	અપાવે	3.48	3.88
000330112	અપાવે	6.42	6.8
000330126	પ્રગતિ	1.88	2.38
000330126	પ્રગતિ	8.02	8.49
000330270	સરખામણી	3.98	4.61
000330378	મેગી	1.0	1.4
000330378	મેગી	5.43	5.73
000330383	સ્થિતિની	4.91	5.25
000330471	મેગી	3.22	3.53
000340076	ચૂપ	5.11	5.52
000340076	ચૂપ	8.72	8.94
000350409	સૂત્રોનું	3.83	4.38
000360264	સસ્તન	2.3	2.7
000360269	ઘડિયાળ	2.99	3.35
000360381	માંડ	0.4	0.79
000360405	ક્લબ	4.3	4.56
000370067	સિટીમાં	0.79	1.17
000370075	ઉત્તરે	0.99	1.28
000370075	જોધપુર	3.45	3.84
000370089	કિંગ્સ	2.56	2.84
000370092	હત્યાઓ	3.3	3.61
000370094	ગોલ્ડ	0.77	1.05
000370108	ગૌરીશંકર	0.39	1.17
000370264	ફેશન	1.31	1.77
000370291	ચર્ચાના	1.35	1.8
000370389	આપઘાતનો	1.36	1.85
000370389	આપઘાતનો	4.88	5.25
000370399	ઉંઝા	4.45	4.68
000370403	કિંગ્સ	3.95	4.33
000370403	કિંગ્સ	5.62	5.9
000370443	રત્નાગિરી	0.44	0.97
000370443	રત્નાગિરી	3.21	3.7
000380173	ભૂષણ	1.85	2.2
000380173	ભૂષણ	2.73	3.07
000380436	વડાલી	0.73	1.16
000380436	વડાલી	4.93	5.29
000390002	ચર્ચાના	7.4	7.98
000390013	સ્વાધ્યાય	4.58	5.09
000390037	સ્પેનના	0.43	1.27
000390278	લવ	5.22	5.47
000390364	કુળદેવી	2.48	3.04
000390364	કુળદેવી	5.76	6.38
000390370	હનુમાનની	2.08	2.62
000390387	કમાન્ડો	7.97	8.7
000390387	સૈનિકના	10.27	11.11
000390395	નહેરુ	1.92	2.28
000390467	સૂત્રને	0.63	1.24
000390469	આયુર્વેદિક	3.92	4.7
000400111	સિંઘવી	1.93	2.34
000400134	સ્કોર	2.27	2.63
000400149	પૂજન	3.7	4.09
000400179	સ્ટાફને	2.91	3.4
000400222	હિમાયત	3.78	4.13
000400433	લીમખેડા	1.44	2.1
000400433	લીમખેડા	6.09	6.58
000410126	સૂત્રોમાંથી	4.84	5.75
000410238	પૂજન	3.41	3.9
000410327	તલાક	2.3	2.69
000410327	તલાક	3.6	3.98
000410404	સમા	2.23	2.74
000410409	વડાલી	0.45	0.86
000410481	લેવું	1.91	2.36
000410481	લેવું	3.51	3.89
000410487	શ્રેણીના	2.4	2.95
000420058	અયોધ્યામાં	0.84	1.39
000420058	મસ્જિદ	1.69	2.07
000420158	ભટ્ટ	1.88	2.16
000420158	ભૂષણ	1.49	1.88
000420216	લીમખેડા	1.3	1.79
000420264	હરાવવામાં	2.07	2.61
000420357	ફકીર	4.19	4.57
000420357	ફકીર	5.37	5.79
000430062	સુરસાગર	3.47	4.1
000430069	જાંબુઘોડા	0.86	1.67
000430069	જાંબુઘોડા	2.51	3.11
000430083	જોડાયેલો	2.55	3.05
000430106	સીન	3.99	4.27
000430155	વિપક્ષને	1.5	1.98
000430155	હરિયાણાની	2.74	3.31
000430389	ઉત્તરે	4.9	5.31
000430475	આપઘાતનો	1.18	1.7
000440001	પૂજન	4.65	5.03
000440073	રાજદ્વારી	0.43	1.59
000440073	રાજદ્વારી	7.08	8.07
000440155	વિદાય	0.9	1.27
000440247	હુડાને	5.82	6.28
000440284	બાલ	4.29	4.56
000440319	ગુલાબી	2.56	3.01
000450029	સે	4.74	5.03
000450094	સંસદે	1.59	2.02
000450094	સંસદે	4.28	4.73
000450256	પોટા	4.22	4.57
000450338	ક્લબ	4.2	4.63
000450394	સલ્ફર	3.07	3.45
000450497	ચરબી	3.5	3.86
000450497	ચરબી	4.3	4.88
000460008	સહયોગની	6.3	6.81
000460038	બોલમાં	0.86	1.48
000460038	બોલમાં	5.07	5.47
000460051	હળતાળ	3.79	4.22
000460055	ટેક્સ	2.09	2.52
000460064	ચૂપ	5.84	6.07
000460140	બંધારણ	1.7	2.11
000460163	આંક	1.8	2.05
000460163	આંક	6.97	7.22
000460163	સૂચક	1.39	1.8
000460163	સૂચક	6.48	6.97
000460381	પરિવારમાંથી	4.73	5.46
000470035	અચ્છે	2.06	2.4
000470035	અચ્છે	4.16	4.67
000470062	ભિન્ન	2.74	3.02
000470108	બગસરા	1.38	1.86
000470161	હિમાયતી	7.44	8.14
000470253	સ્થાઈ	4.82	5.19
000470310	સાંઇ	1.56	1.8
000470355	સૂરુ	5.98	6.34
000470475	હાની	4.35	4.58
000480109	સૈન્યનો	3.29	3.78
000480168	હિમાલયની	0.63	1.17
000480168	હિમાલયની	2.89	3.38
000480401	ઘેર	0.94	1.15
000480401	ઘેર	1.45	1.74
000500002	ધીમે	0.8	1.07
000500002	ધીમે	1.07	1.35
000500076	ગ્વાલિયર	0.7	1.15
000500076	ગ્વાલિયર	4.03	4.43
000500362	કાર્યક્રમના	6.05	6.83
000500393	પુજારી	2.75	3.28
000500402	હુમલાખોરે	2.45	3.12
000500435	સિબ્બલે	1.11	1.49
000500451	શ્રીમતી	0.46	0.9
000510011	સહેજ	1.66	2.06
000510012	સેવાઓનો	2.6	3.07
000510033	કહેતા	1.69	2.08
000510033	કહેતા	4.92	5.26
000510097	હસ્તિનાપુરના	4.5	5.26
000510352	હલ્લાબોલ	4.01	4.53
000510354	ધાતુ	0.77	1.27
000520031	સાવચેતી	3.56	4.11
000520034	પાર્વતી	4.04	4.53
000520135	સરકારનુ	2.43	2.95
000520304	પ્રગતિ	3.95	4.59
000520310	હિન્દુસ્તાનમાં	1.62	2.48
000520367	ખાંભા	0.43	0.73
000520367	ખાંભા	4.73	5.02
000520399	ગોલ્ડ	0.39	0.65
000530011	સિદ્ધૂ	2.95	3.27
000530118	હેલ્ધી	1.58	2.07
000530136	દયા	4.38	4.65
000530140	વિદાય	4.32	4.76
000530141	હિટવેવની	5.53	6.27
000530148	એકબીજાને	2.83	3.43
000530150	સંપ્રદાય	0.78	1.76
000530150	સંપ્રદાય	3.51	4.05
000530157	સેનાનું	3.55	4.03
000530204	સેહવાગ	3.16	3.6
000530205	સામૂહિક	1.68	2.24
000530262	અસરથી	4.42	4.87
000530262	અસરથી	6.48	6.89
000530263	મહા	1.75	1.95
000530308	શિક્ષકને	6.89	7.37
000530465	ગોસ્વામી	1.52	2.01
000530465	ગોસ્વામી	4.93	5.35
000530468	જોડાયેલો	3.38	3.82
000530468	જોડાયેલો	5.87	6.28
000540033	નીર	3.03	3.2
000540033	નીર	5.38	5.6
000540112	બાગેશ્વર	1.25	1.71
000550062	ઉંઝા	0.46	0.73
000550334	હોળી	2.63	2.85
000550370	સુર	1.96	2.23
000550483	સહાયક	4.31	4.66
000560005	ગોળ	5.59	5.86
000560005	ગોળ	5.86	6.11
000560016	સેવાને	5.16	5.68
000560295	શંકાને	2.45	3.07
000560298	સ્વપ્ન	2.05	2.53
000560374	દેશોની	4.66	5.23
000560374	હસીના	3.21	3.98
000570003	ફેશન	1.1	1.48
000570006	સ્કુલના	3.34	3.8
000570032	સિંચાઈ	1.6	1.96
000570056	અવસ્થામાં	1.35	1.81
000570061	સ્વાગતમાં	0.84	1.46
000570106	ક્યાંક	3.32	3.62
000570173	ઉત્તરે	0.94	1.28
000570173	ઉત્તરે	2.92	3.26
000570238	દિગ્દર્શક	2.32	2.95
000570302	વાટાઘાટો	0.64	1.13
000570302	વાટાઘાટો	6.49	6.96
000570343	સરનામું	3.12	3.53
000570371	ઘેર	1.24	1.47
000570372	હતાશ	4.98	5.25
000570374	દાંતીવાડા	0.44	0.97
000570374	દાંતીવાડા	3.33	3.6
000570443	કોઠી	1.73	2.08
000570443	કોઠી	2.57	2.88
000580031	સમ્રાટ	2.87	3.23
000580044	કહેતા	5.41	6.22
000580310	ગાયકવાડ	2.61	3.03
000580340	સ્ત્રીનું	2.52	2.85
000580422	નોંધણી	4.51	4.79
000590097	સોંપાઇ	3.34	3.66
000590234	પાર્વતી	0.82	1.26
000590234	પાર્વતી	1.48	1.91
000590257	બિલાડી	2.48	2.88
000590264	સાહસિક	0.64	1.2
000590349	માંડ્યા	2.03	2.35
000590371	સોંપાતા	2.67	3.02
000600020	જોડાયેલો	5.97	6.69
000600278	બંધારણ	6.19	6.74
000600306	ખેડુત	0.46	0.88
000610074	પુરાણ	1.14	1.42
000610304	હાથોમાં	2.97	3.29
000610442	સ્વાસ્થય	3.15	3.65
000610498	હલકી	1.55	1.89
000620029	જિનપિંગ	1.82	2.36
000620060	હિરાસત	2.66	3.15
000620067	એકબીજાને	2.87	3.48
000620085	હેમા	1.1	1.54
000620172	અરબી	2.17	2.44
000620245	હાર્બર	3.14	3.69
000620333	હિંમતનગરમાં	3.72	4.54
000620352	દયા	3.45	3.73
000620352	દયા	4.63	4.95
000620375	આયુર્વેદિક	0.74	1.15
000620375	આયુર્વેદિક	2.3	2.71
000620439	થોળ	0.46	0.74
000620471	શંકાને	0.87	1.35
000620500	જવાબદારો	3.29	3.95
000630030	દેશોની	3.28	3.62
000630405	ચલણ	2.75	3.09
000640272	વડવાસા	0.54	1.33
000640272	વડવાસા	1.37	1.79
000640289	શંકાને	1.12	1.73
000640289	શંકાને	3.06	3.47
000650013	બ્રહ્મા	0.42	0.78
000650013	બ્રહ્મા	1.52	1.84
000650056	વાટાઘાટો	6.03	6.48
000650056	સિંગાપોર	0.69	1.2
000650146	સ્થાપેલા	1.1	1.49
000650304	હિન્દુસ્તાનના	0.56	1.03
000650368	સેન	2.17	2.45
000660010	રણ	2.35	2.51
000660021	સોદો	3.17	3.4
000660028	સોંપેલા	4.16	4.5
000660212	રાસાયણિક	3.89	4.31
000660219	રસ્તે	2.45	2.68
000660219	રસ્તે	3.54	3.75
000660223	હાય	4.24	4.53
000660223	હાયના	4.53	4.81
000660230	સમાજો	3.37	3.74
000660289	સાહિત્યમાં	1.0	1.83
000660289	સાહિત્યમાં	4.46	4.83
000680109	પૂજન	3.06	3.31
000680149	યાત્રીઓ	1.72	2.07
000680180	નિવાસી	2.94	3.25
000680199	નહેરુ	3.06	3.39
000680304	અપાવે	6.37	6.63
000680379	નહેરુ	1.93	2.18
000680433	મસ્જિદ	1.04	1.42
000680483	જબલપુર	1.51	1.98
000680483	જબલપુર	2.49	2.97
000710026	સ્વાદમાં	1.11	1.67
000710151	નોંધણી	3.32	3.77
000710151	સાવધાન	5.39	6.07
000710183	સોલા	0.45	1.21
000730007	હસ્તિનાપુરના	0.77	1.79
000730017	ઓસ્ટ્રેલિયાને	4.06	5.07
000730017	ઓસ્ટ્રેલિયાને	7.2	7.97
000730062	હરણી	4.79	5.31
000730111	ચોકડી	3.75	4.19
000730111	ચોકડી	4.7	5.14
000730114	હરદ્વાર	0.39	1.06
000730119	સહેમત	4.22	4.72
000730133	અનુસૂચિત	2.45	3.16
000730133	અનુસૂચિત	3.93	4.54
000730137	હાથમાંથી	3.88	4.9
000730151	વિદાય	8.78	9.19
000730153	સ્થળોમાં	7.76	8.18
000730179	એન્જિન	12.53	13.06
000730191	સર્જરી	1.26	2.05
000730291	સીઝનમાં	1.5	2.14
000730292	હરિદ્વારમાં	3.73	4.58
000730337	ચિત્રકૂટ	4.0	4.72
000730337	સુંદરતા	5.4	6.08
000730370	પાનું	1.75	2.38
000730370	પાનું	5.13	5.53
000730388	ઘાટલોડિયા	0.93	1.74
000730391	આબુ	2.64	3.04
000730395	ટેક્સ	9.03	9.44
000730413	સુધારવા	4.7	5.33
000730433	કાર્યક્રમના	0.45	1.32
000730433	કાર્યક્રમના	6.41	7.44
000740048	અપાવે	5.73	6.04
000740073	ઊંઝા	0.76	1.08
000740073	ઊંઝા	3.99	4.26
000740088	રણ	2.72	2.93
000740128	હવાલા	2.51	2.89
000740243	કિંમતમાં	6.59	7.35
000740243	કિંમતમાં	7.82	8.34
000740454	સમાધી	6.72	7.1
000740483	મીઠા	4.97	5.25
000840014	હાફુસ	2.11	2.54
000840027	હરાવ્યો	6.57	7.01
000840029	સમાધાનનો	1.44	1.77
000840227	સ્વરાજના	1.78	2.47
000840362	સેનાનાં	0.64	0.93
000840411	અવસ્થામાં	1.55	2.2
000840437	હુર્રિયત	1.74	2.08
000900003	સાહેબને	1.53	2.0
000900011	હસમુખભાઈએ	3.36	3.97
000900018	અખાત	1.75	2.19
000900018	અખાત	3.0	3.38
000900018	દરિયા	0.59	0.92
000900018	દરિયા	3.95	4.23
000900020	સેટ	0.56	0.93
000900060	સાધુને	5.32	5.81
000900077	કાર્યક્રમના	0.64	1.25
000900081	સાશનમાં	1.58	2.13
000900117	અચ્છે	1.41	1.73
000900117	અચ્છે	3.08	3.37
000900125	આપઘાતનો	0.94	1.47
000900149	સૌરાષ્ટ્રને	2.92	3.58
000900205	સરાકારે	0.83	1.27
000900213	સંપ્રદાય	1.8	2.38
000900245	ધીમે	1.21	1.57
000900245	ધીમે	1.57	1.9
000900268	હોસ્પિટલોની	3.99	4.75
000900306	થૌબલ	0.87	1.32
000900306	થૌબલ	2.57	2.99
000900407	હળમુંડી	0.55	1.15
000900427	સુરાઈ	0.92	1.29
000900435	સહયોગથી	2.96	3.69
000900462	હેરાફરી	4.19	4.65
000910080	સ્વાત	1.27	1.9
000910139	સિમિત	4.8	5.17
000910155	હાડપિંજરો	1.53	2.39
000910170	લવ	9.5	9.79
000910225	હેલ્મેટ	4.12	4.59
000910227	સેટ	0.49	0.82
000910230	સ્વયંસેવકોની	3.89	4.83
000910273	સંખેડા	3.01	3.59
000910295	સ્કેટ્સની	0.37	1.36
000910297	સોથી	1.59	2.04
000910431	ચૂપ	3.56	3.78
000910470	ઉંઝા	7.17	7.52
000920045	સોપાઇ	3.13	3.52
000920071	સોલાપૂર	0.48	1.04
000920105	કોટી	2.14	2.42
000920166	લાતૂર	0.44	0.84
000920166	લાતૂર	3.4	3.74
000920173	હમીરપરા	3.27	4.63
000920304	સૉનેટ	1.07	1.6
000920332	સીટોની	1.27	1.66
000920343	હેલાબેલી	1.11	1.68
000980010	સિંચાઈની	3.69	4.21
000980010	સુવિધાનો	4.21	4.66
000980036	સારસ્વત	1.11	1.62
000980070	સર્કિટ	2.69	3.05
000980075	સીયા	0.45	0.8
000980085	સમ્રાટોએ	2.19	2.94
000980085	હિન્દૂઓની	4.28	4.91
000980089	હાસમભાઈ	2.7	3.53
000980092	હડતાળની	0.44	0.87
000980094	સીમરથા	0.97	1.5
000980096	હરીશને	1.28	1.96
000980105	સોંપીને	3.0	3.59
000980113	સોમનાથના	1.38	2.35
000980161	સલ્લા	0.45	0.78
000980197	દયા	4.99	5.32
000980201	ભૂષણ	1.67	1.96
000980201	ભૂષણ	2.54	2.95
000980234	સમ્રાટ	2.61	3.01
000980265	પુરાણ	2.53	2.82
000980324	સુભાષબાબુએ	0.87	1.69
000980326	વેલ્સીના	0.43	0.98
000980326	વેલ્સીના	5.41	6.04
000980381	હાથીની	2.09	2.56
000980459	સાધતા	2.33	2.89
001120029	સાવ	0.6	0.82
001120071	હાયોતામા	2.64	3.24
001120128	હડતાળથી	1.03	1.38
001120263	સોનગઢથી	1.66	2.11
001120444	હરવા	1.2	1.63
001120468	બુંદી	0.58	0.83
001120468	બુંદી	1.09	1.28
001120478	હોન્ડાચાલક	2.11	2.63
001180019	કિંમતમાં	7.35	8.07
001180029	સિઝન	4.0	4.6
001180033	સેવાઓનું	5.09	6.27
001180047	સ્થળોની	3.75	4.34
001180209	હોળી	2.07	2.86
001180244	હેમરાજને	6.5	7.79
001180267	સળગાવતા	1.33	2.28
001180343	ગુલાબી	8.53	9.24
001180395	સરહદના	1.78	2.55
001180433	આયોગની	3.55	4.41
001200026	બનાવવી	2.92	3.56
001200067	સાંત્વના	6.16	7.15
001200097	હારીજમાં	2.06	2.78
001200102	કડ્ડલોર	0.45	1.07
001200147	સિલસિલો	9.12	9.67
001200154	હાઈવેથી	5.57	6.21
001200157	સામ્રાજ્યોએ	2.08	3.14
001200164	સુકાટિંબા	0.44	1.22
001200169	મીઠા	4.01	4.47
001200198	વડતાલ	4.74	5.21
001200203	અગિયાર	4.86	5.3
001200203	અગિયાર	6.22	6.68
001200203	અગિયાર	7.63	8.04
001200213	રસ્તે	5.04	5.61
001200255	રેજિમેન્ટ	3.32	4.11
001200255	રેજિમેન્ટ	7.86	8.61
001200261	સિલ્કની	2.03	3.04
001200273	સુપરસ્ટાર	3.23	3.95
001200310	નિવાસી	4.18	4.71
001200319	છલકાઈ	4.05	4.51
001200319	છલકાઈ	5.65	6.1
001200377	જબલપુર	0.7	1.43
001200377	જબલપુર	2.7	3.25
001200421	આયુક્ત	2.96	3.5
001200421	આયુક્ત	4.63	5.06
001210059	ગોલ્ડ	0.96	1.34
001210059	ગોલ્ડ	4.47	4.7
001210062	કાંઠા	3.53	3.86
001210062	કાંઠા	9.15	9.47
001210062	સાવચેત	10.97	11.67
001210075	સેન્સર	0.35	0.98
001210087	હરાજીમાં	2.04	2.71
001210101	વિઝા	2.75	3.24
001210101	વિઝા	4.72	5.08
001210104	વૃદ્ધોની	1.45	1.95
001210104	વૃદ્ધોની	6.11	6.81
001210121	સ્વાથ્ય	0.39	1.04
001210165	સીટથી	6.42	7.1
001210199	હનુમાનના	2.8	3.53
001210213	હિરા	6.27	6.67
001210241	બચાવો	4.0	4.56
001210272	રસ્તે	4.38	4.81
001210279	સર્ટી	2.7	3.17
001210300	ધાતુ	1.93	2.28
001210300	ધાતુ	3.42	3.84
001210300	ધાતુ	4.66	5.05
001210300	બિંદુ	6.92	7.22
001210301	કુળદેવી	6.34	6.94
001210327	સહાનુભૂતિ	7.36	8.15
001210355	સાહિત્યકારો	3.38	4.37
001210388	બીલ	4.64	4.9
001210403	સ્થિતિનો	5.7	6.25
001210416	સાવલી	1.84	2.38
001210422	લેવું	5.84	6.26
001210429	સારવારનો	5.04	5.7
001210430	હરીયાળું	2.92	3.41
001210433	રૂમાલ	5.06	5.45
001210452	પાવી	0.44	0.82
001210452	પાવી	6.36	6.79
001210454	હમ્પી	4.29	4.76
001210465	સોમાજી	3.14	3.69
001210485	સિંઘલના	0.43	1.24
001210487	સિગ્નલ	3.34	3.82
001220005	સ્ટાફની	6.31	6.91
001220009	સરબજીતનુ	1.48	2.51
001220024	હાઈકમાંડના	3.09	4.23
001220032	સુવિદ્યા	1.64	2.24
001220044	સલામી	9.5	10.29
001220078	સ્ટાર્સને	8.29	8.9
001220124	બેંકો	1.95	2.44
001220140	હોડીઓ	4.05	4.71
001220180	સાયલા	0.42	1.11
001220190	પોટા	0.85	1.42
001220200	પેટીમાં	1.43	2.19
001220200	પેટીમાં	6.8	7.54
001220200	લાકડાની	0.77	1.43
001220200	લાકડાની	6.2	6.8
001220206	સવારમાં	0.63	1.52
001220219	ગોસ્વામી	5.6	6.44
001220219	ગોસ્વામી	11.31	12.08
001220245	હિંદુસ્તાની	1.33	2.26
001220257	ઝાડુ	0.89	1.32
001220257	ઝાડુ	5.88	6.28
001220258	જાડેજાને	1.01	1.91
001220258	જાડેજાને	11.0	11.74
001220267	મહેમદાવાદ	0.36	1.62
001220267	મહેમદાવાદ	7.06	8.01
001220280	બંધારણ	4.89	5.72
001220289	સુપરકિંગ્સને	2.46	3.68
001220298	સ્વાવલંબન	2.79	3.69
001220324	સીઆરપીસીની	1.69	2.95
001220332	સિરિયામાં	3.54	4.55
001220336	સોબત	5.76	6.69
001220346	રસ્તે	6.26	6.76
001220346	રસ્તે	8.6	9.01
001220349	સુલ્તાનપુર	0.43	1.46
001220352	સેન્સિટીવ	9.24	10.5
001220354	હિંદ	3.6	4.11
001220355	સ્વામિનારાયણના	1.36	2.72
001220359	સંબોધશે	6.56	7.77
001220359	સંબોધશે	17.02	17.87
001220409	હરીફાઈમાં	2.06	3.35
001220414	સ્કુલે	3.16	3.69
001220420	હાઈજેનિક	5.1	6.27
001220439	રેજિમેન્ટ	2.09	2.71
001220466	સહારે	2.91	3.74
001220470	વાહ	6.0	6.32
001220496	હરીફાઈના	7.63	8.57
001220497	ઘાટલોડિયા	1.56	2.8
001230008	સ્લમડોગ	2.31	3.24
001230017	છલકાયો	7.37	7.91
001230017	સાગરકાંઠો	1.25	2.17
001230017	સાગરકાંઠો	5.74	6.51
001230017	સૌરાષ્ટ્રનો	0.45	1.25
001230017	સૌરાષ્ટ્રનો	5.01	5.74
001230020	હુડહુડ	3.75	4.42
001230026	સિમા	2.51	2.86
001230042	હોટેલમાં	4.56	5.34
001230072	હનુમંત	1.66	2.22
001230098	હિંદુસ્તાનની	3.47	4.26
001230098	હિંદુસ્તાનની	5.24	6.0
001230108	જલારામ	5.71	6.23
001230124	સામાન્યથી	4.53	5.25
001230133	સીઆરપીએફના	5.3	6.38
001230143	સીટને	4.32	4.84
001230147	હેલ્ધી	1.76	2.27
001230157	સ્વેચ્છાએ	3.44	4.26
001230162	સમ્મેલન	1.31	1.92
001230163	હર્ષે	0.41	0.83
001230182	હર	5.77	6.04
001230184	સામનાનાં	2.15	2.8
001230210	હિમવર્ષાના	3.76	4.46
001230218	હોસ્ટેલ	0.39	1.0
001230241	સાવજો	0.8	1.28
001230245	સોમલારે	3.89	4.43
001230273	સહરાનપુર	1.21	1.93
001230277	ગર્ગ	0.42	0.82
001230277	ગર્ગ	1.49	1.93
001230288	સરાદ	0.45	0.94
001230290	ખીણમાં	3.92	4.35
001230290	પન્ના	1.71	2.08
001230301	સુધરતા	2.7	3.39
001230307	સુબીર	4.73	5.19
001230322	સીઈઓના	6.13	6.98
001230329	સોનુ	5.89	6.28
001230341	સીબીઆઇના	2.83	3.53
001230375	ગોલ્ડ	0.82	1.18
001230377	સિરામિક	2.17	2.76
001230426	સાયન્સના	0.81	1.4
001230447	સ્માર્ટ	1.82	2.27
001230452	હિરોપંતીના	3.42	4.49
001230456	સ્ત્રીની	2.42	2.89
001230475	સ્થળોમાંથી	3.21	4.01
001240013	સુરંગને	8.14	8.7
001240023	સાગપાડીયા	1.76	2.71
001240027	સેવાકાર્યો	4.83	5.53
001240036	સામ્રાજ્યના	2.07	2.86
001240061	સિમડેગા	1.45	2.28
001240061	સિમડેગામાં	0.45	1.45
001240076	કૌશલ	0.99	1.46
001240076	કૌશલ	7.68	8.11
001240079	સ્ક્વોડની	0.8	1.96
001240090	સામન	5.53	6.12
001240097	ભાષાઓ	1.03	1.52
001240113	અનેં	1.83	2.14
001240113	અનેં	3.78	4.06
001240113	સાંકળુ	2.61	3.02
001240141	હરિદ્રારમાં	5.76	6.81
001240148	સ્વપ્નીલ	5.52	5.97
001240156	સીરિયાના	0.43	0.99
001240163	સહદેવની	0.43	1.17
001240169	સમાવેશની	7.65	8.4
001240183	હાઉસના	0.79	1.4
001240186	લગ્નો	1.28	1.7
001240229	સમૂહમાં	0.67	1.25
001240229	સમૂહમાં	2.96	3.51
001240236	મસ્જિદ	7.78	8.28
001240246	હત્યાકેસ	1.97	2.68
001240248	શિક્ષકને	6.79	7.42
001240251	ફેઝની	3.57	4.06
001240251	ફેઝની	6.24	6.7
001240254	અર્થવ્યવસ્થા	0.86	1.79
001240254	અર્થવ્યવસ્થા	4.67	5.45
001240255	હળવદ	2.31	2.88
001240259	સુરક્ષાથી	7.82	8.48
001240267	સલમાનખાનને	0.89	1.68
001240281	સલાબતપુરા	1.76	2.61
001240291	પાંડવો	1.66	2.21
001240291	પાંડવો	4.9	5.45
001240308	ટ્રીટમેન્ટ	9.44	10.07
001240308	ટ્રીટમેન્ટ	12.58	13.34
001240327	સર્ટિફિકેટ	3.02	4.15
001240371	હશો	2.15	2.58
001240384	હારની	3.76	4.32
001240385	દાવ	6.52	6.76
001240390	સાદગીથી	3.49	4.16
001240404	સ્ટેટના	7.23	7.92
001240412	સ્થળના	3.46	4.06
001240417	ઈંચ	4.46	4.68
001240418	ખાતુ	0.7	1.1
001240418	ખાતુ	4.92	5.36
001240423	સરકોજીએ	4.13	5.04
001240424	સેરેના	1.85	2.43
001240463	ટેક્સ	4.11	4.58
001240463	ટેક્સ	8.0	8.35
001250022	સાવાપુરા	0.46	1.69
001250026	સીઆરપીએફની	2.02	3.46
001250027	દરિયા	0.87	1.25
001250034	મોડે	3.7	4.17
001250034	મોડે	4.17	4.63
001250039	ખાદી	0.45	0.88
001250039	ખાદી	2.34	2.76
001250046	સહિતનાં	3.32	3.86
001250048	અંબાજીથી	2.8	3.86
001250048	અંબાજીથી	7.51	8.42
001250075	નિશાને	1.58	2.19
001250075	નિશાને	5.54	6.08
001250120	ભૂષણ	2.0	2.43
001250142	સાબરકાંઠાની	0.77	1.87
001250145	સમા	2.69	3.16
001250145	સમા	7.41	7.92
001250158	સાંચોર	3.82	4.57
001250167	સ્ટોન	5.2	5.75
001250185	સ્ટિંગ	6.05	6.44
001250205	ક્ષેત્રીય	1.6	2.26
001250205	સેન્ટરના	2.26	2.95
001250212	સિંધુએ	2.09	2.85
001250236	સમુદાયે	2.31	2.96
001250238	સીએનઆર	0.39	1.59
001250266	સ્વભાવની	0.84	1.46
001250273	પાંડવો	0.44	1.25
001250276	સંબોધશે	8.64	9.55
001250276	હુસૈન	3.89	4.33
001250336	સરોગસીથી	1.56	2.63
001250339	દયાનંદ	0.9	1.4
001250371	સર્જ્યો	5.68	6.21
001250375	સિંચાઈ	3.68	4.08
001250384	સિદ્ધાંતો	4.86	5.48
001250389	સ્ટાઈલ	5.06	5.34
001250393	સ્વરાજ્ય	1.75	2.52
001250425	પ્રગતિ	3.39	3.82
001250426	વડાલી	9.48	10.07
001250434	હાકલ	10.34	10.98
001250440	સ્વીકારેલું	3.18	3.95
001250445	સ્લાઈડ્સ	4.15	4.62
001250452	આયુક્ત	1.37	1.89
001250475	બ્લેકબેરી	4.03	4.68
001250475	સામાનમાં	0.42	1.5
001250476	સહમતીને	4.18	5.34
001250489	ઝટકા	5.86	6.31
001250493	હિટવેવથી	0.45	1.44
001250495	સાઇસ	2.71	3.26
001260026	સ્ટારપ્રચારકોની	3.18	5.4
001260032	સમિતીના	3.19	3.93
001260041	સહયોગીની	8.06	8.95
001260043	ગાયકવાડ	2.46	3.13
001260047	સ્વિસ	1.32	1.83
001260047	સ્વિસ	6.2	6.61
001260054	ટુકડીઓને	2.22	2.95
001260054	ટુકડીઓને	4.93	5.94
001260054	સ્ટેન્ડ	6.03	6.5
001260057	સાદિક	1.46	2.14
001260058	બેંકો	1.02	1.42
001260067	કાર્યક્રમના	0.44	1.28
001260114	સાતપુડ	0.31	1.13
001260121	ઉપગ્રહ	10.11	10.63
001260123	સઇહા	1.55	1.98
001260140	મહેમાનો	5.07	5.72
001260140	મહેમાનો	7.79	8.35
001260144	સિમલા	3.14	3.77
001260159	સિક્યુરીટીનું	1.27	2.3
001260164	સરગવાની	2.93	3.8
001260179	સુશીલની	4.39	5.17
001260192	હટાવનારા	3.51	4.26
001260242	શિક્ષકને	9.45	10.13
001260249	હરભજનસિંહને	0.45	2.36
001260255	સુધારી	4.11	4.58
001260269	સાબરમતિ	1.16	1.88
001260287	સ્વાર્થ	7.66	8.04
001260302	સોનિયાને	2.55	3.31
001260339	સોપારી	6.47	7.18
001260350	જિનપિંગ	0.44	1.19
001260353	સિરીયલો	0.74	1.27
001260373	કોસંબા	0.91	1.69
001260373	કોસંબા	5.04	5.5
001260381	સુબા	4.78	5.27
001260392	હરાવવાનો	10.1	10.81
001260395	થોળ	0.44	0.71
001260397	સુડી	1.03	1.56
001260399	સાહૂની	4.66	5.2
001260418	બોક્સર	3.54	4.35
001260418	બોક્સર	9.16	9.73
001260441	હેલ્ધી	2.08	2.73
001260451	સેક્રેટરીને	3.59	4.61
001260455	ચલાવીશું	3.11	3.88
001260455	ચલાવીશું	9.04	9.68
001260462	આર્મી	2.53	3.0
001260462	આર્મી	6.19	6.64
001260472	સળગાવ્યું	7.13	7.78
001260485	સ્વપ્નો	1.54	2.03
001260497	સાંત્વન	5.49	6.1
001270006	મીઠા	4.81	5.2
001270007	સળગાવેલી	3.73	4.34
001270007	સીમમાંથી	1.88	2.63
001270013	ધર્મગુરૂ	3.08	3.78
001270013	ધર્મગુરૂ	5.68	6.24
001270014	હેન્ડપંપ	2.14	2.68
001270026	સળગાવવા	4.82	5.55
001270027	સોખડા	1.47	1.95
001270057	સિમાંત	3.33	3.81
001270082	સિંહાએ	3.19	3.87
001270102	સુધારે	8.61	9.06
001270107	ભાષાઓ	1.13	1.6
001270108	સામ્યવાદી	1.37	1.99
001270108	હ્યુગો	3.93	4.37
001270114	સોનવાડ	1.07	1.66
001270128	હર્ષ	1.84	2.24
001270147	દાવ	2.27	2.52
001270147	દાવ	3.99	4.2
001270165	રેજિમેન્ટ	4.21	4.79
001270170	મહા	0.89	1.19
001270227	સાપના	0.42	1.02
001270231	ઘાટલોડિયા	0.34	1.1
001270231	ઘાટલોડિયા	2.87	3.48
001270243	કિંગ્સ	0.46	0.87
001270244	રોગને	2.66	2.97
001270244	રોગને	7.29	7.72
001270246	ક્યાંક	1.89	2.23
001270246	ક્યાંક	2.87	3.13
001270258	સ્થાપત્યની	1.14	1.75
001270262	બ્રહ્મા	0.4	0.88
001270273	હિસાબો	0.4	1.0
001270291	સન્યાસ	4.22	4.65
001270291	સન્યાસ	7.04	7.46
001270342	ખાતુ	0.83	1.27
001270346	સુબ્રત	3.33	3.79
001270362	સેનાખાડી	3.4	4.36
001270363	વડતાલ	1.12	1.54
001270363	વડતાલ	6.28	6.67
001270399	બગસરા	0.44	0.94
001270399	બગસરા	4.95	5.57
001270407	રાજદ્વારી	1.1	1.81
001270443	ક્ષેત્રીય	1.32	2.06
001270451	ફૈજાબાદ	0.49	1.26
001270451	ફૈજાબાદ	4.53	5.34
001270459	ક્ષેત્રીય	1.66	2.12
001270459	ક્ષેત્રીય	3.67	4.07
001270461	મોડે	3.01	3.34
001270461	મોડે	3.34	3.65
001270461	સાતે	5.57	5.86
001270491	ગુફાઓ	6.95	7.36
001270494	સ્થાપનાનો	3.91	4.95
001310116	ઝટકા	0.9	1.35
001310116	ઝટકા	6.99	7.43
001310131	સ્વરૂપમાં	4.55	5.38
001310152	આયુર્વેદિક	2.83	3.5
001310201	સુધ	1.58	1.9
001310238	ચેરી	5.5	6.18
001310251	સર્બિયા	5.71	6.36
001310251	સ્લોવેનિયા	2.57	3.6
001310251	હંગેરી	4.1	4.82
001310251	હર્જેગોવિના	8.63	9.93
001310256	ધર્મગુરૂ	2.43	3.23
001310256	ધર્મગુરૂ	3.59	4.01
001310332	સિપ્પીનો	0.67	1.58
001310359	રાસાયણિક	1.49	2.3
001310359	રાસાયણિક	5.66	6.43
001310410	હનીફના	0.37	1.06
001310422	સેન્ટરમાં	2.41	3.24
001310432	સ્કોડ	1.4	2.0
001310438	સીરીઝ	1.01	1.51
001310441	બસો	4.58	5.02
001310443	હાવી	2.67	3.29
001310459	હિતાવહ	4.26	4.85
001310471	સીઇઓ	1.51	2.33
001310472	જવાબદારો	5.26	6.02
001310477	હરિભક્ત	1.4	2.04
001310482	બાગેશ્વર	1.26	1.81
001310484	સેનાપતિ	1.48	2.27
001320013	સૈન્યએ	3.28	3.73
001320019	ગાયકવાડ	0.98	1.51
001320044	સ્ટેશનના	2.01	2.56
001320053	સિસ્ટમનો	1.08	1.61
001320102	સાવરકુંડલાના	2.15	3.01
001320103	ડચમાં	0.9	1.49
001320103	ડચમાં	4.7	5.15
001320103	બુરખા	1.49	1.84
001320103	બુરખા	4.12	4.51
001320105	વૃક્ષ	2.99	3.45
001320119	બેંકોની	1.0	1.38
001320119	બેંકોની	2.24	2.83
001320124	ક્રિના	0.97	1.31
001320124	ક્રિના	2.99	3.37
001320132	હનનનો	4.25	5.08
001320173	સીસી	0.88	1.44
001320177	હીરાથી	3.73	4.19
001320183	હાઇકમિશ્નરે	1.29	2.16
001320186	અસરથી	7.56	8.38
001320191	અસરથી	3.42	3.78
001320198	સાહસિકો	3.46	4.04
001320205	સ્કોર	5.77	6.14
001320214	સાહિત્યસભર	2.04	2.88
001320233	સાક્ષીના	0.85	1.45
001320238	સોૈની	3.12	3.4
001320240	સીટી	1.45	1.84
001320252	અયોધ્યામાં	1.86	2.57
001320252	અયોધ્યામાં	5.43	6.02
001320265	સ્પર્ધાનું	0.66	1.25
001320274	સુલતાનભાઇ	3.38	4.1
001320280	અરિયાલુર	0.45	1.18
001320280	અરિયાલુર	2.45	3.1
001320311	હકની	2.19	2.53
001320319	ધોધ	5.74	6.01
001320336	સીટો	2.87	3.29
001320366	હોસ્પીટલના	1.54	2.13
001320384	હુમલાવરોએ	0.84	1.59
001320479	બિલાડી	0.79	1.2
001320479	બિલાડી	3.16	3.55
001330064	ગુલાબી	0.42	0.86
001330064	સિરીયલ	2.36	2.85
001330107	સાંભળ્યા	2.53	3.12
001330122	સાક્ષીઓના	3.63	4.33
001330174	સેવ્યું	3.82	4.28
001330176	સર્જાયેલા	7.04	7.64
001330185	ટેક્સ	1.49	1.86
001330197	ઉત્તરે	1.08	1.64
001330197	જોધપુર	7.42	7.92
001330224	કાંચીપુરમ	6.77	7.53
001330233	સોહરાબુદ્દીનના	4.9	5.99
001330240	રણવીર	1.51	2.02
001330256	આયોગની	3.75	4.4
001330269	ટ્રીટમેન્ટ	2.46	3.09
001330303	સ્વામિનારાયણનની	0.85	1.59
001330344	સ્લાઈડમાં	2.34	3.68
001330354	હિન્દા	0.54	0.89
001330406	દાવ	3.88	4.26
001330448	દેવીપુજક	3.92	4.86
001330448	સોમાભાઈની	5.95	6.78
001330475	જોરાવરનગર	1.74	2.65
001330475	જોરાવરનગર	9.01	9.79
001340006	સુવાગ	0.42	0.87
001340010	કિંમતમાં	2.77	3.45
001340015	થાણે	0.52	0.84
001340015	થાણે	1.62	2.0
001340043	વાટાઘાટો	2.95	3.54
001340053	ક્લબ	1.87	2.22
001340053	ક્લબ	3.98	4.35
001340053	લેસ્ટર	0.47	0.89
001340053	લેસ્ટર	5.08	5.54
001340053	સિટી	0.89	1.33
001340056	સાકીને	0.43	0.98
001340060	ઘેર	1.52	1.87
001340081	સૌન્દર્યનું	2.63	3.2
001340082	ખાદી	2.76	3.17
001340095	સેજુલે	2.52	3.19
001340120	દરિયા	3.16	3.55
001340120	રણ	4.3	4.54
001340129	સીમાડાના	5.59	6.19
001340143	હજુયે	1.27	1.72
001340150	હરકતના	1.92	2.49
001340170	ઉઠાવે	5.95	6.48
001340177	સૈફઈ	0.44	1.21
001340203	વિપક્ષને	3.44	3.98
001340203	વિપક્ષને	6.72	7.53
001340214	મઠ	1.91	2.33
001340214	મઠ	7.48	7.74
001340215	સમિતિનાં	3.68	4.27
001340221	સુખબીરસિંહ	0.45	1.48
001340239	કેપ	5.95	6.24
001340239	કેપ	7.07	7.38
001340274	હકીકતે	6.69	7.28
001340290	હેઠળની	6.46	7.25
001340302	જોધપુર	0.69	1.21
001340302	જોધપુર	1.79	2.24
001340313	આયોગની	0.45	1.07
001340313	આયોગની	4.39	4.95
001340330	હોલીવુડના	1.57	2.3
001340345	મુરાદાબાદ	0.45	1.11
001340345	મુરાદાબાદ	4.05	4.67
001340355	હત્યાકાંડ	4.58	5.2
001340356	સ્પીડ	1.71	2.05
001340362	સોનુ	0.46	0.96
001340362	સોનુ	2.39	2.77
001340364	વિઝા	2.17	2.56
001340365	સાધ્યો	4.26	4.6
001340397	હેંક	5.26	5.62
001340401	સ્ટોક	3.07	3.43
001340427	સમિત	2.77	3.19
001340435	હાફિઝે	0.45	1.1
001340437	રત્નાગિરી	3.05	3.65
001340442	પ્રદેશમાંથી	0.78	1.46
001340460	હાઉસની	3.25	3.92
001340483	સસરા	6.14	6.62
001340486	ક્યાંક	3.48	3.85
001340486	ક્યાંક	3.89	4.13
001340491	સીસું	2.53	3.2
001350015	સીબીઆઈને	9.19	10.26
001350019	સોંપાયું	6.91	7.49
001350019	સ્ટેડિયમથી	0.87	1.55
001350019	સ્ટેડિયમની	3.4	3.97
001350020	બોલુ	4.99	5.36
001350022	સરહદી	0.94	1.36
001350029	સાગરિતોની	9.79	10.57
001350034	હાઇકોર્ટની	0.81	1.42
001350050	દયાનંદ	0.39	0.92
001350050	દયાનંદ	5.24	6.0
001350056	દિગ્દર્શક	2.13	2.68
001350076	ઉત્તરે	1.93	2.33
001350077	સ્ટુડન્ટ્સ	7.99	8.45
001350086	સેન્ટરો	3.19	3.75
001350107	અઝહર	3.68	4.14
001350199	સસ્તામાં	5.11	5.72
001350201	સેહવાગે	4.77	5.29
001350215	સ્કુલમાં	7.26	7.71
001350231	સલામતીનાં	1.37	2.16
001350232	સરાદિયા	0.46	0.93
001350238	ક્લબ	3.55	3.86
001350243	લગ્નો	2.86	3.45
001350243	લગ્નો	7.91	8.48
001350252	સિસોદિયા	3.05	3.96
001350265	ગોળ	2.9	3.27
001350269	દયાનંદ	6.67	7.13
001350284	હંમેશાથી	0.46	1.13
001350296	ફાર્મા	0.81	1.19
001350297	સિહોના	2.73	4.02
001350326	પાટડી	1.74	2.07
001350326	પાટડી	5.09	5.56
001350330	સહાયનુ	3.97	4.33
001350333	સાહિત્યમાં	1.35	1.96
001350333	સાહિત્યમાં	6.78	7.38
001350338	સહયોગીઓને	8.53	9.09
001350344	તલાક	6.45	6.85
001350356	સુદે	5.07	5.44
001350386	હજની	1.21	1.61
001350400	સ્કેન	5.17	5.59
001350415	સ્કોર	5.98	6.31
001350416	સરફરાઝ	1.71	2.32
001350419	હજારેએ	0.79	1.15
001350462	હેરિટેજ	3.75	4.72
001350486	સેટ	1.44	1.78
001350486	સેટ	3.64	3.96
001370023	પ્રદેશમાંથી	1.87	2.74
001370025	આપની	2.7	3.03
001370035	સ્થાપ્યો	4.62	4.98
001370051	સહિતને	2.52	3.11
001370057	સમીકરણોથી	1.0	1.91
001370066	સ્ત્રીના	0.97	1.39
001370089	સાહિબસિંહ	5.06	5.77
001370099	સિધ્ધ	5.39	5.7
001370129	સુણેવ	0.45	0.82
001370137	સાઈકલમાં	3.62	4.16
001370179	સ્ટેશનો	1.95	2.61
001370216	સુરેન્દ્રનગરના	0.45	1.38
001370217	હાંસોટ	1.73	2.28
001370218	હવસખોર	5.24	5.83
001370246	હજ્જારો	2.32	2.75
001370247	સામગ્રીનો	7.7	8.55
001370270	સેહવાગ	2.21	2.64
001370283	સાયરા	0.78	1.22
001370296	સિયાચીનમાં	0.44	2.11
001370296	હિંમતને	7.31	7.93
001370305	સાંકેતિક	4.58	5.13
001370369	બનાવવી	4.63	5.1
001370369	બનાવવી	6.15	6.58
001370379	સ્પાઈસ	1.45	2.09
001370380	સરાહના	5.47	6.07
001370400	સર્વસ્વ	1.61	2.04
001370432	કમાન્ડો	1.43	2.09
001370432	કમાન્ડો	6.06	6.55
001370442	બંધારણ	1.42	1.85
001370455	ભાષાઓ	4.27	4.65
001370456	ઘેર	4.45	4.78
001370485	સ્થળોનો	5.99	6.75
001370495	ઓફિસર	2.81	3.31
001390001	સલગમ	0.43	0.97
001390014	સર્વર	1.37	1.72
001390014	સ્તરોને	2.17	2.62
001390028	સોશ્યલ	3.08	3.52
001390033	હાઈસ્કૂલ	0.46	1.05
001390049	સિવીલ	2.45	2.74
001390065	સેંટર	0.87	1.24
001390088	દાયક	5.2	5.51
001390088	દાયક	6.03	6.36
001390098	હૈયે	5.73	6.04
001390133	સવિશેષ	2.95	3.51
001390219	નિવાસી	2.63	3.22
001390219	નિવાસી	4.88	5.57
001390251	સમાધાનની	3.24	3.77
001390257	બોક્સર	1.45	1.87
001390268	સાગરીતો	1.82	2.35
001390270	સુદીપ	0.42	1.06
001390347	સાગરિતને	2.21	2.92
001390347	હિંમતપૂર્વક	3.43	4.14
001390362	વિપક્ષને	1.93	2.46
001390382	સુપ્રિયા	2.11	2.75
001390395	હિલ્સ	1.28	1.8
001390403	સરસણ	1.69	2.9
001390423	ગુલાબી	2.22	2.74
001390457	હરાજીમાં	6.52	7.17
001390461	ઘડિયાળ	3.05	3.45
001390493	પ્રબંધન	0.45	1.07
001390493	પ્રબંધન	1.64	2.17
001390496	સ્વીકારવા	1.96	2.47
001910072	હિમાંગી	2.81	3.3
001910085	રાજદ્વારી	0.42	1.16
001910085	રાજદ્વારી	6.93	7.72
001910104	પોટા	4.34	4.7
001910127	સ્વિકારીને	0.99	1.55
001910131	સિક્કાઓનું	3.12	3.8
001910134	સાગતલા	0.49	1.17
001910150	થાણે	0.88	1.17
001910167	સોહા	2.09	2.55
001910174	એકબીજાને	4.22	4.73
001910177	સાવરકુંડલાની	2.19	3.06
001910182	સુવર્ણમંડિત	3.72	4.63
001910206	હિન્દૂ	2.41	2.67
001910243	સ્વરાજનની	1.85	2.63
001910284	જાતી	0.91	1.23
001910284	જાતી	2.22	2.53
001910377	શ્રીમતી	4.9	5.3
001910388	પ્રગતિ	4.7	5.13
001910434	ઘેર	3.51	3.74
001910484	સુધારવાનું	4.95	5.57
001910499	સાઈનાઈડ	1.7	2.21
001920024	ઉપગ્રહ	0.76	1.5
001920024	ઉપગ્રહ	3.18	3.82
001920047	પ્રદેશમાંથી	1.31	2.21
001920047	પ્રદેશમાંથી	9.44	10.33
001920074	ગાંધીધામ	2.95	3.7
001920114	જોડાયેલો	4.26	5.16
001920164	સેવટી	0.48	0.94
001920242	સાહસો	1.78	2.28
001920261	હિમાલયની	0.67	1.4
001920261	હિમાલયની	3.28	4.03
001920267	હસ્તિનાપુરનો	1.97	2.76
001920268	બેંકો	1.06	1.56
001920319	હાથરસ	0.39	1.07
001920368	કુપવાડા	0.41	1.0
001920368	કુપવાડા	4.76	5.35
001920447	દામોહ	0.75	1.15
001920447	દામોહ	2.94	3.34
001920452	હિના	3.37	3.85
001920476	સોંપવાનો	5.11	5.78
001930011	સેન્ગપુર	1.56	2.14
001930041	બોલમાં	2.49	3.06
001930071	સાંઈની	4.04	4.44
001930147	સમ્માનની	7.02	7.75
001930149	સુબનસિરી	0.79	1.75
001930161	ધર્મગુરૂ	1.33	1.99
001930164	સમાધાનથી	1.02	1.88
001930179	હિંસાએ	3.74	4.52
001930181	મથુરા	0.68	1.18
001930181	મથુરા	2.46	2.87
001930197	મથુરા	6.18	6.65
001930197	હિન્દુત્વ	2.48	3.09
001930217	ખાદી	0.44	0.76
001930217	ખાદી	2.09	2.58
001930229	ઊંઝા	0.76	1.16
001930264	સાસરીયાઓના	1.79	2.55
001930267	હર્ષદ	3.06	3.44
001930326	ગ્વાલિયર	0.38	0.88
001930326	ગ્વાલિયર	4.24	4.64
001930328	હિંસામાં	0.58	1.08
001930346	સાંજથી	2.22	2.73
001930361	સુંદરપરા	0.44	1.08
001930414	અવસ્થામાં	1.54	2.1
001930414	સ્ખલન	0.8	1.25
001930415	સિદ્ધપુરના	0.91	1.52
001930415	સિપાહી	4.73	5.57
001930474	બ્રહ્મા	4.01	4.46
001940017	સર્જવા	4.44	4.98
001940020	સામંત	4.18	4.72
001940048	સુગમ	4.38	4.78
001940066	પાનું	1.88	2.25
001940066	પાનું	3.88	4.21
001940130	ગર્ગ	0.47	0.89
001940130	ગર્ગ	5.61	5.97
001940165	માંડ	0.43	0.84
001940196	સુપ્રસિધ્ધ	1.14	1.81
001940220	સમાજનાં	1.31	1.81
001940220	સમુદાયો	2.18	2.71
001940234	સમાનતાના	1.1	1.78
001940254	સુરેન્દ્રભાઇએ	2.67	3.42
001940254	સ્નેહપૂર્વક	5.84	6.55
001940264	અયોધ્યામાં	3.51	4.1
001940271	ઊંઝા	0.45	0.78
001940271	ઊંઝા	4.34	4.6
001940318	સ્વભાવથી	5.25	5.95
001940341	સુશિલકુમાર	1.49	2.3
001940399	આયરિશ	2.22	2.79
001940399	સ્વરૂપનો	4.16	4.81
001940402	આંક	7.86	8.13
001940427	હૂડા	0.96	1.24
001940441	સર્વસંમતિથી	2.63	3.77
001940446	સેદારડી	0.45	1.07
001940449	સુતેલા	9.45	9.92
001940449	હાથલારી	8.39	8.92
001940450	હ્તો	4.8	5.28
001940468	નીર	5.9	6.18
001940472	હુર્રિયતના	1.13	1.96
001950015	સ્ત્રોતમાં	5.84	6.31
001950026	બચાવો	3.92	4.23
001950026	બચાવો	4.69	4.96
001950041	સાહિત્યની	4.8	5.32
001950065	સિંગાપુરથી	0.44	1.19
001950085	સોંપ્યા	6.88	7.2
001950128	સહાયક	1.56	1.96
001950131	સોયાબીનના	1.75	2.35
001950163	સ્થાનાંતરિત	7.59	8.46
001950207	વૃક્ષ	3.18	3.57
001950207	વૃક્ષ	5.32	5.64
001950210	દેશોની	2.97	3.64
001950210	દેશોની	5.81	6.22
001950210	સીડી	0.96	1.21
001950250	સાધનોનું	1.19	1.7
001950265	સીતાજીની	2.5	3.08
001950285	હઝરત	3.3	3.73
001950312	કટિહાર	0.44	0.97
001950312	કટિહાર	2.38	2.82
001950328	જબલપુર	2.61	3.18
001950328	ધોધ	1.03	1.26
001950328	ધોધ	4.09	4.45
001950361	સાંસદોનો	1.59	2.08
001950379	સુરક્ષાદળો	5.22	5.99
001950398	રાજપૂતો	0.7	1.12
001950398	રાજપૂતો	1.54	1.98
001950421	સહકારની	3.23	3.77
001950421	હુજાન	0.56	0.95
001950449	હરીગઢ	0.63	1.07
001950481	હલદરવા	3.63	4.25
001960006	સંખેડા	1.87	2.3
001960031	સિયાંગ	4.06	4.41
001960086	સહાર	0.94	1.25
001960090	ફકીર	1.78	2.1
001960090	ફકીર	2.62	2.98
001960103	હપ્તામાં	1.79	2.29
001960120	હવાઇમથક	1.43	1.89
001960152	હમીરપર	0.41	0.88
001960157	વિઝા	4.37	4.55
001960161	ગોસ્વામી	0.43	0.89
001960185	સસરાની	2.81	3.21
001960186	સુબ્રહ્મણ્યમ	1.74	2.3
001960191	સરંપચ	1.33	1.64
001960209	હડ્ડોલા	0.65	1.03
001960282	હડક	0.8	1.05
001960289	સ્થિતીના	0.93	1.35
001960293	સંખેડા	0.33	0.8
001960293	સંખેડા	4.38	4.78
001960297	બોલુ	3.25	3.59
001960318	દિગ્દર્શક	2.41	3.0
001960329	બંધારણ	1.34	1.75
001960329	બંધારણ	1.83	2.22
001960394	સિંચાઈ	2.93	3.25
001960417	સલ્યાન	1.94	2.26
001960431	સમાનતાની	2.35	2.79
001960436	સ્મીત	1.79	2.06
001960439	સહેમતિ	0.61	1.06
001960458	હોળી	5.04	5.32
001970011	સ્મારક	6.05	6.51
001970060	રણ	2.26	2.58
001970100	ઠાકર	5.53	6.09
001970100	ઠાકર	6.7	7.21
001970100	બાલ	4.99	5.53
001970100	બાલ	6.46	6.7
001970125	સાદરપુર	0.72	1.46
001970187	જલારામ	0.86	1.52
001970187	જલારામ	2.51	3.16
001970234	સાગરીતોમાં	2.62	3.94
001970234	સિકંદરનો	7.31	8.06
001970257	સીમાથી	3.46	4.21
001970280	સુંદરતાના	1.49	2.17
001970313	હાલારનો	6.83	7.42
001970322	હાટડીઓની	2.0	2.83
001970337	સુરક્ષાબળના	4.25	5.08
001970373	હજાતીયા	0.42	0.99
001970375	હરિભાઈ	3.15	3.82
001970411	વિપક્ષને	4.36	5.02
001970411	વિપક્ષને	7.25	8.13
001970421	પુજારી	1.73	2.26
001970421	પુજારી	2.93	3.46
001970430	સોમવારથી	0.46	1.09
001970445	ચોકડી	6.36	6.76
001970450	અવસ્થામાં	1.44	2.15
001970450	અવસ્થામાં	3.73	4.41
001980004	સુધરશે	5.02	5.81
001980035	સોમાભાઈને	2.41	3.06
001980071	કાંચીપુરમ	0.68	1.34
001980071	કાંચીપુરમ	2.89	3.53
001980099	સોઢી	0.48	0.83
001980133	કઠપુતળીને	1.95	3.01
001980133	કઠપુતળીને	4.01	4.57
001980161	સાંસદોની	0.93	1.42
001980195	ખેડુત	0.59	0.94
001980195	ખેડુત	3.3	3.7
001980196	સરહદની	6.46	7.17
001980202	લેવું	7.98	8.2
001980205	સાગઠીયા	1.63	2.3
001980231	સ્વર્ણ	3.8	4.41
001980294	હેમાના	2.22	2.78
001980356	સ્મારક	0.39	0.94
001980356	સ્મારક	2.97	3.29
001980392	સુઝાવો	2.49	2.94
001980415	બમણું	1.18	1.87
001980415	બમણું	3.18	3.63
001980415	લેવું	2.11	2.63
001980415	લેવું	3.63	4.0
001980424	બગસરા	0.42	0.99
001980424	બગસરા	4.37	4.76
001980450	સાંગાડેરી	0.48	1.17
001990024	સાંભળીને	2.62	3.15
001990070	ચરબી	4.46	4.93
001990070	ચરબી	5.86	6.28
001990109	હૃદયરોગ	1.75	2.42
001990121	સ્મૃતિરૂપે	1.75	3.0
001990129	સહીઓ	6.16	6.77
001990264	સાંધા	4.59	5.1
001990290	સિંગલવણ	0.46	1.1
001990307	સૂર્યર્મંડળના	4.43	5.3
001990314	સ્થાનોમાંથી	4.15	4.82
001990331	ધાતુ	0.62	1.19
001990331	રાસાયણિક	1.76	2.28
001990357	ખેડુત	0.97	1.44
001990363	પાંડવો	1.61	2.11
001990383	ચોકડી	3.51	4.03
001990383	ચોકડી	4.71	5.25
001990389	જવાબદારો	5.22	5.8
001990397	વૃક્ષ	0.63	1.01
001990407	સાતની	2.64	3.31
001990431	હનન	4.31	4.69
001990436	સોનીપતના	0.45	1.3
001990437	હિંદુસ્તાની	3.14	3.94
001990437	હિંદુસ્તાની	4.78	5.44
001990483	સ્વિકારાય	4.46	4.9
002000043	સિરાજ	0.4	0.89
002000111	હળી	3.82	4.07
002000226	ટુકડીઓને	2.5	3.02
002000238	સિંઘલે	1.78	2.3
002000268	સેંકડા	2.65	3.02
002000290	સુબિર	0.46	0.98
002000315	ખાદી	1.05	1.47
002000321	સુવા	2.65	2.96
002000333	સમોવડિયા	1.16	1.8
002000339	સ્મારકની	2.6	3.1
002000361	રાસાયણિક	1.03	1.53
002000361	રાસાયણિક	3.0	3.5
002000393	સ્વાતમાં	1.8	2.33
002000435	હાલમા	0.92	1.32
002000436	સૌપ્રથમવાર	5.56	6.29
002000453	સતારા	5.01	5.49
002000453	સતારા	6.09	6.51
002010006	સમાજોમાં	1.28	1.98
002010024	સરવડ	0.46	0.95
002010053	આયુક્ત	3.41	3.9
002010060	સામ્રાજ્યનો	2.92	3.54
002010060	સ્વતંત્રતાના	0.45	1.61
002010073	કમાન્ડો	0.82	1.33
002010096	ધર્મગુરૂ	1.68	2.25
002010106	સમાવિષ્ટ	3.23	3.64
002010137	ચૂપ	5.7	5.92
002010166	સૂચવવામાં	6.63	7.06
002010213	સ્ત્રીને	1.51	2.01
002010217	સુરેશભાઇ	1.82	2.5
002010244	સુત્રોની	0.62	1.05
002010246	સારવારની	1.07	1.54
002010250	સોપો	3.3	3.75
002010252	સીમલક	0.45	0.91
002010275	હંગામી	2.95	3.4
002010286	સોઢા	6.5	6.9
002010297	હરદ્વાર	0.42	0.92
002010297	હરદ્વાર	6.8	7.16
002010312	હત્યાનુ	3.91	4.31
002010341	આરટીજીએસ	0.42	1.14
002010341	આરટીજીએસ	5.56	6.21
002010370	સ્થંભોનું	0.95	1.81
002010382	સામગ્રીમાં	2.03	2.58
002010403	ચર્ચાના	1.3	1.75
002010403	સરહદનો	0.53	0.98
002010405	પાયાની	1.83	2.27
002010410	હોળી	0.9	1.41
002010410	હોળી	1.67	1.91
002010412	વૃક્ષ	2.47	2.75
002010418	સુરક્ષાકર્મીની	2.84	3.71
002010490	હોગિલ	2.24	2.65
002010493	સુરજબા	2.46	2.89
002020007	હુમલાઓની	0.95	1.37
002020028	સાપેક્ષમાં	2.92	3.54
002020033	સરદારનો	2.99	3.69
002020036	ભટ્ટ	1.07	1.32
002020044	હજારે	1.72	2.03
002020046	બીલ	5.07	5.26
002020046	બીલ	6.84	7.06
002020050	સાધ્વીનો	0.86	1.26
002020081	સવારની	1.8	2.4
002020088	જલારામ	3.3	3.92
002020198	પાનું	1.51	1.89
002020206	સિંધુને	0.45	1.02
002020221	નીર	1.52	1.75
002020228	લવ	0.45	0.69
002020234	સર્કીટથી	0.69	1.14
002020303	પુરાણ	0.82	1.19
002020363	ભીખ	4.4	4.64
002020367	સરબજીતની	0.46	1.11
002020396	સામનામાં	1.78	2.28
002020397	હકારાત્મકવાદીઓ	1.48	2.58
002020466	હરિયાલ	0.9	1.35
002030017	ફેઝની	3.66	4.11
002030017	ફેઝની	5.79	6.14
002030053	સુદ્ધા	2.43	2.81
002030113	સુરેન્દ્રભાઈએ	1.0	1.79
002030145	સ્વામીજી	0.45	1.04
002030151	મહેમદાવાદ	0.81	2.01
002030151	મહેમદાવાદ	4.57	5.41
002030220	જાપાનનો	0.57	1.29
002030220	જાપાનનો	5.17	5.63
002030221	સીમાની	3.47	4.38
002030226	સાઇટ્સ	3.94	4.31
002030228	હાથીપુરા	1.04	1.88
002030293	હિસ્સાઓમાં	2.5	3.26
002030312	વડવાસા	0.45	1.05
002030349	સ્થિતિઓને	1.76	2.37
002030376	સોજો	3.13	3.42
002030376	સ્નાયુઓને	1.08	1.72
002030408	ઠાસરા	0.72	1.26
002030408	ઠાસરા	4.65	5.12
002040020	હોળી	1.41	1.74
002040048	કાર્યક્રમના	0.66	1.31
002040086	નિવાસી	1.74	2.2
002040132	જહાનાબાદ	0.45	1.1
002040132	જહાનાબાદ	2.29	2.88
002040183	સાસરું	0.87	1.3
002040231	સોદાગર	2.64	3.22
002040239	સૌંદર્યને	0.67	1.25
002040245	ગાંધીધામ	0.39	1.02
002040245	ગાંધીધામ	5.4	5.99
002040251	હરીલાલ	1.25	1.6
002040254	હસી	6.82	7.04
002040255	હરિફોને	7.97	8.49
002040283	સાંપ્રદાયિકરણ	5.46	6.63
002040292	સૌલ	3.22	3.55
002040299	રાષ્ટ્રધ્વજ	0.83	1.59
002040299	રાષ્ટ્રધ્વજ	2.41	2.93
002040313	સરસવા	4.05	4.53
002040316	હરાજીમાં	0.4	1.01
002040316	હરાજીમાં	4.49	4.97
002040337	સોપવા	5.15	5.51
002040356	સહાયક	2.52	2.94
002040356	સહાયક	6.62	6.96
002040419	માંડલ	0.81	1.39
002040428	સીડીઓ	2.84	3.29
002040442	હવસખોરો	2.53	3.14
002040449	સાવજોનો	3.41	4.07
002040459	દાવ	4.8	5.19
002040479	સરિતા	4.64	5.14
002050042	હોશંગાબાદ	0.38	1.09
002050042	હોશંગાબાદ	3.68	4.84
002050063	સર્જવો	1.61	2.23
002050070	હકૂમત	6.69	7.12
002050070	હકૂમતનો	3.98	4.57
002050178	સીંગતેલ	2.31	2.74
002050225	કુપવાડા	2.87	3.26
002050227	સીવાય	4.67	4.95
002050229	ઓસ્ટ્રેલિયાને	4.8	5.4
002050229	સેશનમાં	1.7	2.26
002050233	ખેડુત	0.44	0.75
002050233	સૈનિકને	2.15	2.59
002050298	જાપાનનો	2.88	3.4
002050299	ભ્રમણકક્ષા	3.69	4.42
002050299	ભ્રમણકક્ષા	4.76	5.4
002050299	ભ્રમણકક્ષા	6.82	7.43
002050301	સર્જાયેલી	2.36	2.85
002050307	સર્વાધિક	4.28	4.78
002050328	સુતેલી	1.04	1.4
002050334	હિંદુઓનું	1.36	1.88
002050341	સુખના	1.01	1.4
002050375	પાત્રો	2.2	2.59
002050375	પાત્રો	5.01	5.35
002050381	સ્વરૂપોમાં	1.33	1.93
002050399	માંડલ	0.61	1.08
002050399	માંડલ	3.37	3.66
002050450	સહિતે	2.64	2.94
002050471	હડતાળના	0.37	1.04
002060020	ફેશન	2.54	2.92
002060020	ફેશન	4.41	4.8
002060028	સુકાયેલા	3.46	3.85
002060038	સમ્મેલનનુ	5.29	5.76
002060053	પાક્કા	1.34	1.73
002060053	પાક્કા	2.76	3.11
002060072	ચિત્રકૂટ	0.45	1.27
002060072	ચિત્રકૂટ	3.54	3.97
002060079	હુમલાઓને	1.99	2.52
002060100	સુનામી	2.88	3.29
002060168	સૂચક	1.96	2.28
002060184	સોંપ્યુ	5.71	6.09
002060197	પુજારી	2.71	3.13
002060211	સાતમ	3.45	3.99
002060215	સુવિદ્યાઓ	3.46	4.13
002060237	પન્ના	0.44	0.77
002060237	પન્ના	3.76	4.09
002060260	સલીમખાને	2.19	2.92
002060386	હવેલી	1.95	2.57
002070094	સિપાઇની	0.56	1.27
002070125	સેવઇ	4.75	5.18
002070132	સુબ્રમણિયમ	2.95	3.6
002070132	હોબાળાની	7.46	7.93
002070144	સામીઆના	1.89	2.5
002070144	સાહિદની	3.2	3.66
002070199	હત્યારાએ	3.78	4.34
002070216	સવાયા	1.58	2.14
002070271	કાંચીપુરમ	4.08	4.7
002070305	એકબીજાને	1.28	1.86
002070305	એકબીજાને	6.1	6.66
002070336	હિમાચ્છાદિત	1.37	2.0
002070340	સ્ફૂર્તિ	3.71	4.04
002070350	સાંગલ	0.54	1.11
002070368	મથુરા	1.01	1.52
002070371	પરિવારમાંથી	1.48	2.18
002070371	પરિવારમાંથી	2.93	3.8
002070375	સમાજોને	2.6	3.27
002070449	મેગી	2.72	3.04
002080030	ઊંઝા	1.64	2.06
002080033	સિંગલ	1.16	1.56
002080036	હિસંક	3.11	3.69
002080039	સીસાની	3.25	3.76
002080039	સોમલનો	0.59	1.23
002080058	સોમપુરા	1.71	2.28
002080068	સરખી	2.68	3.05
002080080	સમા	1.93	2.27
002080094	સેનેટે	2.9	3.61
002080178	હુનાન	1.51	2.01
002080180	સરથાણા	0.87	1.47
002080183	સુંદરવનમાં	2.29	3.08
002080222	સવાલોનો	1.38	1.9
002080230	હતાંજ	3.73	4.28
002080230	હિમંતવાન	2.93	3.61
002080277	સ્વિડન	5.97	6.51
002080277	સ્વિડનના	0.99	1.61
002080296	સોનુ	0.56	1.01
002080296	સોનુ	2.44	2.76
002080331	હેમચંદ્રને	1.43	2.3
002080363	આયોગની	1.89	2.43
002080392	સરકારથી	1.64	2.25
002100010	કૌશલ	2.48	3.01
002100010	હારથી	4.71	5.06
002100022	સલૂમ્બર	2.49	2.86
002100034	હાથકડી	3.05	3.58
002100060	ભટ્ટ	2.59	3.0
002100060	ભૂષણ	2.18	2.59
002100097	સેવામાં	6.31	6.72
002100098	માંડ્યા	5.46	5.96
002100109	હેતલ	4.19	4.64
002100118	જોડાયેલો	6.05	6.59
002100166	સિપોર	2.52	2.99
002100196	ખીણમાં	4.21	4.86
002100210	હરીફાઈનુ	8.62	9.84
002100221	સરકાર્યવાહક	1.47	2.78
002100282	હત્યારાઓ	0.86	1.66
002100303	હાતો	1.26	1.55
002100316	સોનગીર	1.14	1.64
002100319	થાણે	0.46	0.78
002100359	હરદોઈ	3.25	3.66
002100359	હરદૌઈ	1.47	1.92
002100361	હેરોના	1.88	2.39
002100384	સુંદરતાને	4.62	5.38
002100384	સુવિધામાં	2.26	2.86
002100395	ગોળ	4.89	5.17
002100395	ગોળ	5.17	5.41
002100395	લાકડાની	0.73	1.22
002100397	દેશોની	1.72	2.18
002100401	બનાવવી	2.89	3.54
002100401	સોળમી	0.17	0.56
002100426	કહેતા	2.35	2.79
002100453	પુરાણ	2.04	2.44
002100482	હૉકી	1.31	1.57
002110012	પાવી	1.07	1.3
002110012	પાવી	5.99	6.25
002110015	ખાંભા	2.85	3.27
002110046	સાંતી	0.6	1.1
002110074	સિંચાઇનું	3.1	3.64
002110076	આપઘાતનો	0.44	1.06
002110088	ઝટકા	5.14	5.55
002110114	લીમખેડા	2.14	2.74
002110136	સુગમતા	2.05	3.01
