000350380
000350342
000550269
002020354
000620384
000350452
002000275
002010069
000610338
001980383
000270141
000350406
002000021
000230210
000370361
001320446
000900346
000230194
000650402
001950190
002000225
000610214
000400340
000050179
000210234
002020207
000740468
001320129
000180497
002070256
000540184
001370131
000630469
000190206
000140294
002070254
001240323
000050147
000480226
000320320
000650388
000650257
000310135
000680200
000370315
000170305
000920176
000900232
002050339
000310432
000170205
000580108
000340343
000680209
000390290
000590082
001210450
001250093
000460467
000640336
000010350
000100147
002020189
000580324
000530053
000380417
000100442
001270303
000380454
000590313
000050184
000900355
000590279
000230259
000570333
000300311
001320434
000150141
002000338
000200319
002070027
001910179
000310142
000150329
001950428
000580321
000150194
000060190
000200339
000740210
000450479
000130059
000610144
000230032
000050203
001240427
000150163
000620330
000050158
000740286
000300055
000060184
000480285
000060066
000530051
001980110
001980051
000340185
000140376
000740444
000740005
000470117
002020077
000150125
000130368
002020210
002070150
000190461
000330318
000370200
000540050
000610108
000900103
000370391
000580120
000190004
000200303
000040107
000610117
000160147
000150335
000170479
000190415
001920459
001320270
000260260
001320024
000630372
000420077
000150084
000550344
001980197
001390024
000080052
000570340
000530430
000370340
001960432
000510299
000390367
002020350
002050126
000200256
002030413
000180055
000040189
000170314
001910403
000980358
001320138
000290220
000470154
001960086
000550318
000680080
000450396
000640150
000170207
000050068
001930309
000430239
000330445
000920233
000300134
002020073
001390283
000010075
000680021
001350124
002020174
001310474
000610386
002060069
000200094
000510039
001250406
001120295
001950005
000120345
000580258
002010322
000200447
000050125
001930223
000360239
000260082
000340249
000260134
000040259
000060035
000350412
002040006
000110470
000740297
000200468
001910218
000290436
000980185
000150188
001960389
000500092
000650190
000530316
000010142
001260456
000450374
001960150
000470034
000840499
000060214
000510090
000380260
000520072
000740192
000230314
000110376
000400424
000300344
001350013
000380346
000650386
001200196
000180028
000380081
000470306
000060268
000050292
002080231
000310145
000680435
000400164
001120390
002050294
000060315
000740239
000330484
001120245
000200405
000200333
000840242
000840111
002040054
000170166
002020267
000010356
000370427
001970472
001330119
000110479
000040339
001980218
000370085
000480247
000480242
000280495
001930064
000570475
000200491
000550007
000040238
000450266
001930293
002010179
001320375
000110402
000680110
000980272
000680366
000590196
000680234
000570444
000120011
000180301
002020351
000040142
000840206
000480002
000150108
000100373
002080365
000350455
001920500
001960424
001240102
000340374
001240212
000740465
001930273
000320290
001180315
000740310
002070498
000740282
001230205
001950296
000980037
000460409
001980353
000180181
000740296
000370073
000640224
000570256
000680343
002060207
001310164
000300147
001320389
000160399
000530271
000200187
000080015
000180074
000050140
000050227
000500112
000110370
000310086
002060310
002020468
000350476
000550163
000570456
002020298
000040046
000680103
000350319
000210420
000520328
000230482
000380077
001930046
002000192
000350141
000350186
000260308
001950202
000450210
000650255
000680195
000610207
001910120
001270432
000200416
000130390
000660238
000200249
000610449
002020214
001910302
000200334
000740227
000360456
002050257
001200110
000590053
002020092
000120282
001390205
001240262
000550361
002070086
000450235
001270321
002000155
000610388
000420051
000010205
001120479
000200206
000150361
000510024
000270319
000680237
001980263
001240286
000620466
000640172
000840463
002070126
000520346
000590460
000280042
001980238
000530292
000580453
001960249
000660257
000320040
000130320
000190442
002010211
000370466
001950238
000580427
000540179
000530254
000130197
000440182
000130018
001270394
000150038
000510048
000450419
000310498
000400112
002110050
001270195
000080444
000150110
001980375
000260155
000610474
000040336
002020380
001330282
000080405
000540472
000040391
001370154
000120263
000250137
000840322
000610133
000300274
000330351
001960075
002060159
002060033
000550123
000010285
001120420
002020218
001950092
000660407
001910337
000060242
000270031
000470239
000400024
000580365
000610376
000170308
000360259
000280287
002070080
000150331
001960197
000680010
000660347
000170380
000260456
002020435
002020405
001270417
002070392
000300420
000050099
002010305
000660481
000150189
000680162
001980134
001930290
000150312
000740427
000360365
000470079
000290456
001950058
002000068
002050481
001950444
000590385
000250235
000250117
002020284
001910230
000580484
000650319
001960155
001370361
000430285
000610250
000650127
001270433
002010004
000570375
000650026
002020287
000100394
000150174
002020296
000140305
000980447
000150363
001980438
001930419
000590030
002020020
001980011
000370437
000330408
002010427
001910413
000740138
001910146
000980352
000450329
000050350
000590168
000620082
000570414
000200321
000680049
001960466
002020202
000100306
001960190
000590101
000840430
000280212
000640128