000350380
000350342
000550269
002020354
000620384
000350452
002000275
002010069
000610338
001980383
000270141
000350406
002000021
000230210
000370361
001320446
000900346
000230194
000650402
001950190
002000225
000610214
000400340
000050179
000210234
002020207
000740468
001320129
000180497
002070256
000540184
001370131
000630469
000190206
000140294
002070254
001240323
000050147
000480226
000320320
000650388
000650257
000310135
000680200
000370315
000170305
000920176
000900232
002050339
000310432
000170205
000580108
000340343
000680209
000390290
000590082
001210450
001250093
000460467
000640336
000010350
000100147
002020189
000580324
000530053
000380417
000100442
001270303
000380454
000590313
000050184
000900355
000590279
000230259
000570333
000300311
001320434
000150141
002000338
000200319
002070027
001910179
000310142
000150329
001950428
000580321
000150194
000060190
000200339
000740210
000450479
000130059
000610144
000230032
000050203
001240427
000150163
000620330
000050158
000740286
000300055
000060184
000480285
000060066
000530051
001980110
001980051
000340185
000140376
000740444
000740005
000470117
002020077
000150125
000130368
002020210
002070150
000190461
000330318
000370200
000540050
000610108
000900103
000370391
000580120
000190004
000200303
000040107
000610117
000160147
000150335
000170479
000190415
001920459
001320270
000260260
001320024
000630372
000420077
000150084
000550344
001980197
001390024
000080052
000570340
000530430
000370340
001960432
000510299
000390367
002020350
002050126
000200256
002030413
000180055
000040189
000170314
001910403
000980358
001320138
000290220
000470154
001960086
000550318
000680080
000450396
000640150
000170207
000050068
001930309
000430239
000330445
000920233
000300134
002020073
001390283
000010075
000680021
001350124
002020174
001310474
000610386
002060069
000200094
000510039
001250406
001120295
001950005
000120345
000580258
002010322
000200447
000050125
001930223
000360239
000260082
000340249
000260134
000040259
000060035
000350412
002040006
000110470
000740297
000200468
001910218
000290436
000980185
000150188
001960389
000500092
000650190
000530316
000010142
001260456
000450374
001960150
000470034
000840499
000060214
000510090
000380260
000520072
000740192
000230314
000110376
000400424
000300344
001350013
000380346
000650386
001200196
000180028
000380081
000470306
000060268
000050292
002080231
000310145
000680435
000400164
001120390
002050294
000060315
000740239
000330484
001120245
000200405
000200333
000840242
000840111
002040054
000170166
002020267
000010356
000370427
001970472
001330119
000110479
000040339
001980218
000370085
000480247
000480242
000280495
001930064
000570475
000200491
000550007
000040238
000450266
001930293
002010179
001320375
000110402
000680110
000980272
000680366
000590196
000680234
000570444
000120011
000180301
002020351
000040142
000840206
000480002
000150108
000100373
002080365
000350455
001920500
001960424
001240102
000340374
001240212
000740465
001930273
000320290
001180315
000740310
002070498
000740282
001230205
001950296
000980037
000460409
001980353
000180181
000740296
000370073
000640224
000570256
000680343
002060207
001310164
000300147
001320389
000160399
000530271
000200187
000080015
000180074
000050140
000050227
000500112
000110370
000310086
002060310
002020468
000350476
000550163
000570456
002020298
000040046
000680103
000350319
000210420
000520328
000230482
000380077
001930046
002000192
000350141
000350186
000260308
001950202
000450210
000650255
000680195
000610207
001910120
001270432
000200416
000130390
000660238
000200249
000610449
002020214
001910302
000200334
000740227
000360456
002050257
001200110
000590053
002020092
000120282
001390205
001240262
000550361
002070086
000450235
001270321
002000155
000610388
000420051
000010205
001120479
000200206
000150361
000510024
000270319
000680237
001980263
001240286
000620466
000640172
000840463
002070126
000520346
000590460
000280042
001980238
000530292
000580453
001960249
000660257
000320040
000130320
000190442
002010211
000370466
001950238
000580427
000540179
000530254
000130197
000440182
000130018
001270394
000150038
000510048
000450419
000310498
000400112
002110050
001270195
000080444
000150110
001980375
000260155
000610474
000040336
002020380
001330282
000080405
000540472
000040391
001370154
000120263
000250137
000840322
000610133
000300274
000330351
001960075
002060159
002060033
000550123
000010285
001120420
002020218
001950092
000660407
001910337
000060242
000270031
000470239
000400024
000580365
000610376
000170308
000360259
000280287
002070080
000150331
001960197
000680010
000660347
000170380
000260456
002020435
002020405
001270417
002070392
000300420
000050099
002010305
000660481
000150189
000680162
001980134
001930290
000150312
000740427
000360365
000470079
000290456
001950058
002000068
002050481
001950444
000590385
000250235
000250117
002020284
001910230
000580484
000650319
001960155
001370361
000430285
000610250
000650127
001270433
002010004
000570375
000650026
002020287
000100394
000150174
002020296
000140305
000980447
000150363
001980438
001930419
000590030
002020020
001980011
000370437
000330408
002010427
001910413
000740138
001910146
000980352
000450329
000050350
000590168
000620082
000570414
000200321
000680049
001960466
002020202
000100306
001960190
000590101
000840430
000280212
000640128
001980072
000480352
000280092
000070061
000150160
002030039
000140083
000110090
001960384
002070251
000100498
000480135
001230429
000350381
000370165
001250391
001120491
000120098
002020289
000370010
000150033
002020448
000540093
001120365
000650358
000040242
000350392
000150177
000360159
002010330
001370446
000190165
000650003
000050275
001120496
000270234
000290425
000650142
000440223
000040151
000330421
001940158
000980059
000340106
001910204
001120404
000130061
000920089
001210211
000660220
000570067
000050294
001230237
000040155
000620339
002020292
000550283
002020500
000010316
000300401
000380049
001180018
000270481
000370009
000150333
001930339
000150137
001230025
000530317
000570369
000430452
000480041
000610083
000660159
000480221
002050216
000200477
000130152
000900127
000620111
002020264
000710111
001200182
001960436
000050286
000980384
000140307
000230277
001320063
000570146
000650365
000130344
002020072
000190491
000250422
002000168
001950492
001950017
000390488
000170310
002010307
000120147
000900152
002040033
001270392
000640026
000680041
000040203
000150308
000130134
002020222
001910437
000230308
001330165
001230053
000010357
000140033
000360009
000660450
000370096
000520116
000370002
000400163
001330081
001310427
000740099
000370098
000360402
001270317
000270139
000560366
001320047
000480208
000680124
002060058
000080101
002030075
000630475
000060297
001910099
002020257
001370463
000160421
000570432
000160376
000150114
000280394
001320066
001920172
000170445
000210450
000010018
000570182
000060050
000420245
002020263
000590500
000660405
000330267
000650154
000340419
000980290
000610080
000120061
000580170
000200111
000520395
002040298
002010376
000120304
000300272
000110345
000170449
000400272
000310069
000370047
001350327
000580339
000570448
000390236
000650153
000840376
000010458
001210240
000570149
000840386
000650315
000120246
000610020
000090383
000280273
000740051
000570316
000310251
000120281
001950455
000570287
000740364
000740038
000640229
001120498
000120383
002050254
000210001
002020205
001370201
001930078
000380381
002020213
000440177
001250362
000920066
000680146
000200407
000210362
000080028
002020293
000210046
000160120
002020326
000040147
000050258
000650062
000040144
002020111
000040066
000660029
000150358
000150301
000200403
000150330
000280005
001270171
000160263
002070227
001940259
001950075
001960203
002020452
000350179
002040345
000530286
001960259
001240486
000250372
000660480
001980485
000170239
001230378
000230323
000040154
000260224
000200309
000580343
000190454
001980124
001320052
000060251
000580323
001120343
001320006
000680397
000310041
000400376
002020295
000590194
000180454
000440202
001990183
000620015
000650212
000400191
000530176
000160009
000610433
000530425
000400188
000290489
000280248
000370299
002000354
000200019
000910263
000660001
001350334
000200430
001930246
000250264
001960010
002010182
000320464
000040010
000230286
000350354
002010202
000130262
001960216
000540034
000070107
000150305
000150317
001960247
001260280
000150118
000080360
000650441
000610053
000040182
000370003
000450270
000040062
000300188
001930300
002010103
000180113
000280307
000170119
000650006
001960482
000380492
000170156
000350347
000530456
000920011
001980205
000120256
000350142
000580134
001960187
000150385
000640102
000390044
000370074
000250280
001960311
002010478
000120266
000660051
001940116
001320360
000040198
000910252
001120251
000150320
000680097
001960206
001270136
000660288
000650085
000380388
000590404
000910242
000300133
001350298
000660485
001390162
000470458
002010426
000150064
000200061
000180152
000610210
000500191
000120191
000560306
000520325
000530341
000470321
002050416
000150029
000920303
001990424
000040232
001960194
000190391
000730430
001910200
000310253
001950099
000010047
000480268
000100470
000640478
000470332
000070456
000150382
002050008
000590103
000250165
002020252
001120065
002060059
000650450
002020203
000510377
001390070
001940138
000610462
000050211
000210437
000980443
000380242
000300353
000130362
000130164
000200472
000150360
002070323
000130498
001120149
002110144
000280209
001120091
001200286
000180340
001320348
000650097
000920042
000640490
000620150
001350426
000680129
000500072
000110061
000300445
000170283
000120141
001350485
000380198
001330260
001960105
000210073
000920334
000610021
002060220
000650160
000840465
000130256
000530189
000580257
000250474
000280098
001910005
002020177
002070079
000900423
000650192
002020338
001910494
000150321
002020248
000360301
002000188
000480291
000040337
000050256
000650196
000200071
001230045
000360451
002040291
000150332
000200395
000660169
002010495
002080173
000160139
000390464
000200245
000100171
000610486
000530498
001120464
000320098
001270490
001120155
000570035
000510459
001230289
000050470
000840161
001960266
001950258
000590199
000650111
000650135
000170346
000290368
001270090
000660277
002050016
002010121
002020316
000120018
000040325
000610008
000560162
000010266
000680271
000630075
000320339
000740271
000740065
000040039
000040169
001910006
000260071
000510280
000200236
000060009
001330219
001970351
001310451
000180338
000460312
000190055
000560401
001330262
000450392
000510480
000740094
000590020
001950269
000480266
000290161
000300243
000270190
001120213
000650032
001210123
000300230
000130345
000230230
002050282