000350380
000350342
000550269
002020354
000620384
000350452
002000275
002010069
000610338
001980383
000270141
000350406
002000021
000230210
000370361
001320446
000900346
000230194
000650402
001950190
002000225
000610214
000400340
000050179
000210234
002020207
000740468
001320129
000180497
002070256
000540184
001370131
000630469
000190206
000140294
002070254
001240323
000050147
000480226
000320320
000650388
000650257
000310135
000680200
000370315
000170305
000920176
000900232
002050339
000310432
000170205
000580108
000340343
000680209
000390290
000590082
001210450
001250093
000460467
000640336
000010350
000100147
002020189
000580324
000530053
000380417
000100442
001270303
000380454
000590313
000050184
000900355
000590279
000230259
000570333
000300311
001320434
000150141
002000338
000200319
002070027
001910179
000310142
000150329
001950428
000580321
000150194
000060190
000200339
000740210
000450479
000130059
000610144
000230032
000050203
001240427
000150163
000620330
000050158
000740286
000300055
000060184
000480285
000060066
000530051
001980110
001980051
000340185
000140376
000740444
000740005
000470117
002020077
000150125
000130368
002020210
002070150
000190461
000330318
000370200
000540050
000610108
000900103
000370391
000580120
000190004
000200303
000040107
000610117
000160147
000150335
000170479
000190415
001920459
001320270
000260260
001320024
000630372
000420077
000150084
000550344
001980197
001390024
000080052
000570340
000530430
000370340
001960432
000510299
000390367
002020350
002050126
000200256
002030413
000180055
000040189
000170314
001910403
000980358
001320138
000290220
000470154
001960086
000550318
000680080
000450396
000640150
000170207
000050068
001930309
000430239
000330445
000920233
000300134
002020073
001390283
000010075
000680021
001350124
002020174
001310474
000610386
002060069
000200094
000510039
001250406
001120295
001950005
000120345
000580258
002010322
000200447
000050125
001930223
000360239
000260082
000340249
000260134
000040259
000060035
000350412
002040006
000110470
000740297
000200468
001910218
000290436
000980185
000150188
001960389
000500092
000650190
000530316
000010142
001260456
000450374
001960150
000470034
000840499
000060214
000510090
000380260
000520072
000740192
000230314
000110376
000400424
000300344
001350013
000380346
000650386
001200196
000180028
000380081
000470306
000060268
000050292
002080231
000310145
000680435
000400164
001120390
002050294
000060315
000740239
000330484
001120245
000200405
000200333
000840242
000840111
002040054
000170166
002020267
000010356
000370427
001970472
001330119
000110479
000040339
001980218
000370085
000480247
000480242
000280495
001930064
000570475
000200491
000550007
000040238
000450266
001930293
002010179
001320375
000110402
000680110
000980272
000680366
000590196
000680234
000570444
000120011
000180301
002020351
000040142
000840206
000480002
000150108
000100373
002080365
000350455
001920500
001960424
001240102
000340374
001240212
000740465
001930273
000320290
001180315
000740310
002070498
000740282
001230205
001950296
000980037
000460409
001980353
000180181
000740296
000370073
000640224
000570256
000680343
002060207
001310164
000300147
001320389
000160399
000530271
000200187
000080015
000180074
000050140
000050227
000500112
000110370
000310086
002060310
002020468
000350476
000550163
000570456
002020298
000040046
000680103
000350319
000210420
000520328
000230482
000380077
001930046
002000192
000350141
000350186
000260308
001950202
000450210
000650255
000680195
000610207
001910120
001270432
000200416
000130390
000660238
000200249
000610449
002020214
001910302
000200334
000740227
000360456
002050257
001200110
000590053
002020092
000120282
001390205
001240262
000550361
002070086
000450235
001270321
002000155
000610388
000420051
000010205
001120479
000200206
000150361
000510024
000270319
000680237
001980263
001240286
000620466
000640172
000840463
002070126
000520346
000590460
000280042
001980238
000530292
000580453
001960249
000660257
000320040
000130320
000190442
002010211
000370466
001950238
000580427
000540179
000530254
000130197
000440182
000130018
001270394
000150038
000510048
000450419
000310498
000400112
002110050
001270195
000080444
000150110
001980375
000260155
000610474
000040336
002020380
001330282
000080405
000540472
000040391
001370154
000120263
000250137
000840322
000610133
000300274
000330351
001960075
002060159
002060033
000550123
000010285
001120420
002020218
001950092
000660407
001910337
000060242
000270031
000470239
000400024
000580365
000610376
000170308
000360259
000280287
002070080
000150331
001960197
000680010
000660347
000170380
000260456
002020435
002020405
001270417
002070392
000300420
000050099
002010305
000660481
000150189
000680162
001980134
001930290
000150312
000740427
000360365
000470079
000290456
001950058
002000068
002050481
001950444
000590385
000250235
000250117
002020284
001910230
000580484
000650319
001960155
001370361
000430285
000610250
000650127
001270433
002010004
000570375
000650026
002020287
000100394
000150174
002020296
000140305
000980447
000150363
001980438
001930419
000590030
002020020
001980011
000370437
000330408
002010427
001910413
000740138
001910146
000980352
000450329
000050350
000590168
000620082
000570414
000200321
000680049
001960466
002020202
000100306
001960190
000590101
000840430
000280212
000640128
001980072
000480352
000280092
000070061
000150160
002030039
000140083
000110090
001960384
002070251
000100498
000480135
001230429
000350381
000370165
001250391
001120491
000120098
002020289
000370010
000150033
002020448
000540093
001120365
000650358
000040242
000350392
000150177
000360159
002010330
001370446
000190165
000650003
000050275
001120496
000270234
000290425
000650142
000440223
000040151
000330421
001940158
000980059
000340106
001910204
001120404
000130061
000920089
001210211
000660220
000570067
000050294
001230237
000040155
000620339
002020292
000550283
002020500
000010316
000300401
000380049
001180018
000270481
000370009
000150333
001930339
000150137
001230025
000530317
000570369
000430452
000480041
000610083
000660159
000480221
002050216
000200477
000130152
000900127
000620111
002020264
000710111
001200182
001960436
000050286
000980384
000140307
000230277
001320063
000570146
000650365
000130344
002020072
000190491
000250422
002000168
001950492
001950017
000390488
000170310
002010307
000120147
000900152
002040033
001270392
000640026
000680041
000040203
000150308
000130134
002020222
001910437
000230308
001330165
001230053
000010357
000140033
000360009
000660450
000370096
000520116
000370002
000400163
001330081
001310427
000740099
000370098
000360402
001270317
000270139
000560366
001320047
000480208
000680124
002060058
000080101
002030075
000630475
000060297
001910099
002020257
001370463
000160421
000570432
000160376
000150114
000280394
001320066
001920172
000170445
000210450
000010018
000570182
000060050
000420245
002020263
000590500
000660405
000330267
000650154
000340419
000980290
000610080
000120061
000580170
000200111
000520395
002040298
002010376
000120304
000300272
000110345
000170449
000400272
000310069
000370047
001350327
000580339
000570448
000390236
000650153
000840376
000010458
001210240
000570149
000840386
000650315
000120246
000610020
000090383
000280273
000740051
000570316
000310251
000120281
001950455
000570287
000740364
000740038
000640229
001120498
000120383
002050254
000210001
002020205
001370201
001930078
000380381
002020213
000440177
001250362
000920066
000680146
000200407
000210362
000080028
002020293
000210046
000160120
002020326
000040147
000050258
000650062
000040144
002020111
000040066
000660029
000150358
000150301
000200403
000150330
000280005
001270171
000160263
002070227
001940259
001950075
001960203
002020452
000350179
002040345
000530286
001960259
001240486
000250372
000660480
001980485
000170239
001230378
000230323
000040154
000260224
000200309
000580343
000190454
001980124
001320052
000060251
000580323
001120343
001320006
000680397
000310041
000400376
002020295
000590194
000180454
000440202
001990183
000620015
000650212
000400191
000530176
000160009
000610433
000530425
000400188
000290489
000280248
000370299
002000354
000200019
000910263
000660001
001350334
000200430
001930246
000250264
001960010
002010182
000320464
000040010
000230286
000350354
002010202
000130262
001960216
000540034
000070107
000150305
000150317
001960247
001260280
000150118
000080360
000650441
000610053
000040182
000370003
000450270
000040062
000300188
001930300
002010103
000180113
000280307
000170119
000650006
001960482
000380492
000170156
000350347
000530456
000920011
001980205
000120256
000350142
000580134
001960187
000150385
000640102
000390044
000370074
000250280
001960311
002010478
000120266
000660051
001940116
001320360
000040198
000910252
001120251
000150320
000680097
001960206
001270136
000660288
000650085
000380388
000590404
000910242
000300133
001350298
000660485
001390162
000470458
002010426
000150064
000200061
000180152
000610210
000500191
000120191
000560306
000520325
000530341
000470321
002050416
000150029
000920303
001990424
000040232
001960194
000190391
000730430
001910200
000310253
001950099
000010047
000480268
000100470
000640478
000470332
000070456
000150382
002050008
000590103
000250165
002020252
001120065
002060059
000650450
002020203
000510377
001390070
001940138
000610462
000050211
000210437
000980443
000380242
000300353
000130362
000130164
000200472
000150360
002070323
000130498
001120149
002110144
000280209
001120091
001200286
000180340
001320348
000650097
000920042
000640490
000620150
001350426
000680129
000500072
000110061
000300445
000170283
000120141
001350485
000380198
001330260
001960105
000210073
000920334
000610021
002060220
000650160
000840465
000130256
000530189
000580257
000250474
000280098
001910005
002020177
002070079
000900423
000650192
002020338
001910494
000150321
002020248
000360301
002000188
000480291
000040337
000050256
000650196
000200071
001230045
000360451
002040291
000150332
000200395
000660169
002010495
002080173
000160139
000390464
000200245
000100171
000610486
000530498
001120464
000320098
001270490
001120155
000570035
000510459
001230289
000050470
000840161
001960266
001950258
000590199
000650111
000650135
000170346
000290368
001270090
000660277
002050016
002010121
002020316
000120018
000040325
000610008
000560162
000010266
000680271
000630075
000320339
000740271
000740065
000040039
000040169
001910006
000260071
000510280
000200236
000060009
001330219
001970351
001310451
000180338
000460312
000190055
000560401
001330262
000450392
000510480
000740094
000590020
001950269
000480266
000290161
000300243
000270190
001120213
000650032
001210123
000300230
000130345
000230230
002050282
002010352
001960500
000650104
000260493
000680319
000320331
000010057
000060191
000580419
000280440
001970204
000840365
000270391
000610340
000080118
000170088
000320431
000010227
000040119
001250439
000370397
000340408
000310332
000660357
000650139
002020273
000500316
001960180
000420067
000570227
000150334
000150100
000180352
001250316
000840166
000230255
000600064
001970054
001340196
000660493
000730033
000100280
000370060
000340410
001990054
000840402
001120058
000530040
002040059
001910219
001960409
001340041
001250118
001960413
000180243
000630055
000230075
002000284
000740070
000010434
002020233
000130384
001230271
000910027
000980433
001120256
000900097
000340271
002000406
001320430
000530402
000100492
000150135
001260136
002060130
000370267
000200313
000920116
000550367
001980352
000460046
000150196
000170085
000680365
000010212
000040323
000070049
000040393
000140065
002080307
000560297
002020231
001210276
002000067
002010168
000150152
002030355
000610257
000520058
000110375
000520035
000550311
000040446
000040090
000630059
000610267
002060051
001930039
000680403
000040404
001270477
000370095
000640149
000530213
000680183
000550185
000060270
002020217
000450279
000230313
000200316
000680105
001240265
000980150
000840481
001910043
000110399
000280039
000530003
000040157
000610151
001120457
000250065
000260315
001960388
000920023
000620402
000650220
001120348
000740057
000200131
000280309
002010423
000100413
000320106
000040247
002020325
002020462
000730205
001240107
001950185
000640245
000540482
000060028
001980475
000400365
001240491
000730221
000580092
000150372
000150368
000360257
001120490
001370178
000540430
000680219
000480346
002000130
000340341
000430302
001960496
000150316
000370049
001250080
000740430
000980252
001910277
000510473
000840406
000920370
000920078
000080024
000360466
001960213
000120192
000300439
000190218
001950179
000530147
000550133
000540076
000010332
000610327
002060019
000530065
001270041
000180193
000480021
001960344
000580497
000150367
000370269
000350401
001200400
000480105
000260055
000060351
000570463
000610156
001350179
000320360
001990001
000560037
001950171
000300195
001930327
000150082
000150328
000660036
000150337
001960397
000980081
000130229
000920125
002060066
001960034
001940300
002030217
000570344
000150390
002020376
000150136
002020334
000340238
000910268
000040115
000350311
002070184
000680052
001930315
000120065
000660191
000040249
000590049
001270251
000920072
000590111
000370237
001950454
000550339
000010348
002070200
000110460
000610172
002070258
000200258
002050457
000590098
000150070
001940124
002060093
000200124
000300328
000550147
000980005
000680444
000130102
000620226
001220314
000340300
000160185
000560429
000320315
000380023
000520452
000640499
000660246
000470314
000040373
000680462
002020496
000050373
001240147
000300434
001390247
000470236
000250297
000150314
000650463
000360086
000610036
000170494
000400137
000190046
000040237
000400471
002080244
000160302
000570260
000150387
001120255
000480310
000430478
000290185
000040024
000290451
000400152
000180408
001320339
000150121
000140270
001320278
000740408
000040283
001920405
001120275
000740040
000310396
000250134
000150185
000590058
000480123
001260466
000150173
000610167
002020282
002080108
001200432
000360035
000310026
002010447
000640219
001930456
000530340
000100298
002070058
000450453
000730024
002000091
002060202
000200415
000640137
001960398
001120286
000300464
000430422
000510035
000610285
000140447
000050260
001960198
002030467
000580129
000660066
000510312
000200375
000300211
002010076
000120490
000660337
001120120
000980396
001960350
000920076
001230001
000460296
000840433
001960126
000640140
000680272
000200409
000570325
000630483
000150376
000330041
001960410
001970447
001250197
001350140
000500074
001120427
000170359
000290437
001270150
000450105
001390108
000650350
000300290
001950441
000440493
001980021
002040403
000230206
002030382
000250213
000080096
001240130
000470486
000980239
001210141
000210006
002070421
001910040
001370012
000570002
000400415
001340316
000570201
000530055
000420400
000040199
000040004
002020394
000210266
000910090
000650068
000570357
000480142
000470077
000510291
001940249
002060175
002020246
000580344
002020265
000620098
000340216
000610347
000510232
002020290
000660280
000160281
000840476
000370190
001940040
000430079
000540027
001370481
000650337
002100424
000250210
000280062
001260268
000190384
000620268
001940430
001200156
000680202
000180081
000070215
002010480
001350404
000510252
000730215
002020219
000280020
000150074
002010079
002070098
000920199
002110039
002050040
000290022
000610146
000350270
001240070
000160040
000280410
000610177
002010270
000400258
000350351
000140329
000330306
002050037
001960478
000130138
000370121
001230479
000040011
001390158
002060487
001240220
000580460
000660255
000980347
002050478
000190168
000570345
000620383
000740370
000350140
000380332
000040125
000190239
001950486
000050250
001350434
000570179
000370172
000910251
000300074
000430348
000250310
000350304
000350344
000070275
001960041
000040260
001270431
000150096
000630102
000980136
000680067
000400200
001200043
001120089
000510127
001950266
001390273
000150142
000060223
000570326
002010259
001910268
000620272
002080002
000150323
001980221
002020208
000570465
000120149
000480364
000120022
001320320
000110342
000370205
000250365
001320003
000350106
000570356
000150159
001960381
000110293
000420272
002020299
002040435
002010402
000620109
002020247
000340230
000370135
000010319
000150351
000360426
000370256
000840413
002070178
000170162
000050085
002000145
001940122
000190212
001930323
001350329
000650175
001250113
000090280
000150149
000160411
000660058
000900410
001240033
000650327
002050168
000840228
000840291
000620474
000680354
000550087
000900277
000370164
002070443
001120077
000260081
000010204
000520313
001340252
000010497
002020270
001960166
000100387
000190433
000010422
000350323
000190497
001340299
000290005
000540431
002030479
000200374
000250182
000230385
002030250
000280303
000120132
002010117
000070351
001980058
000380159
002060139
000430090
000360493
000680364
000430127
000230115
000340285
000580437
000660054
000180042
000400176
002040354
000150172
001350451
000200457
000040298
001920112
000200402
002060162
000610310
000920073
000620425
001940099
000510305
002030490
001980305
000110267
000430221
000350307
000340320
001930117
000530424
000610473
002020180
000300129
000200322
000060475
000350112
000120152
002070247
000260147
000150394
000110459
000300418
000530168
001910202
000480127
000640489
000050500
001390298
001320122
001960184
002010046
000910107
002010177
000450458
000740382
000100194
000400281
000550184
000980276
001960273
001950106
001390216
000040223
000300302
000620244
001310371
002020463
000040122
002070182
000730161
000640231
000150375
001340062
001980284
001240389
000310223
001940226
000040392
000320240
000190450
002000212
000210017
000150389
001210009
000040374
000580500
000300391
000540161
001980127
000170457
001390157
002020244
000250001
000630099
000680145
001960053
001180052
000570324
000200025
000300473
000660297
000010410
000150365
000150344
000110265
000330166
001370011
000660081
000140119
000660328
000610461
000740014
001340341
001980490
001320054
000580074
000460269
002020339
000150327
002000474
002020495
001120094
001950046
000920060
000150088
002020440
001920304
002060171
000260005
000620026
000150106
001350390
000380124
000050223
000040311
000370356
000100256
000400279
000570292
001910157
000480042
000650422
002070344
000130233
000680081
000550197
001340169
000410280
002070356
002000445
002010268
000040042
000200305
001930201
001960122
000080325
002060357
002010249
002020230
000300273
001940234
000620497
001340089
000130299
002020266
000530084
001120272
002070234
000630346
002000041
002080394
000840462
000440368
001270454
000140434
000730400
000980411
000610245
000160148
000590304
002070185
000340312
000040158
000200338
000900325
000290136
000160438
001120116
000280241
000040248
002020281
000450421
000660198
000230085
000040261
000260252
002070084
000680424
000040016
000200417
000650288
001370241
000150378
000360164
001320257
000230321
000360316
000610430
000910262
000610354
000650214
000840316
000230008
000370189
000180064
002020003
000680494
000590343
000300172
000980398
000570234
000590414
001980329
000320081
001120163
001320261
000150098
000290164
000420247
000180134
000130160
001370262
000180179
000680211
000120114
000610086
000510240
000100185
001200229
000150030
000200421
000590191
000050496
000380179
000740482
000380410
000980458
000370350
002050081
000050495
000300322
002050262
002010017
000480354
000480170
001980163
000030485
000980269
002020226
000260426
000030221
000510250
000980429
001960243
002020061
000150006
000100478
000050079
000470290
002110031
000150154
000230311
000200105
000150083
000530387
000140461
000680104
000280093
000340184
000910442
002020259
000290376
000210029
000590435
000660146
000040251
000260397
000110355
000050173
000550140
001120026
000590129
000620327
000660235
001120418
000480096
000440162
000200320
001350055
000510426
000660094
000360443
000580183
000050122
000150362
000150094
000450169
000980019
002000096
001340398
000340334
000140315
002010325
001910339
000350435
000580143
000150306
000590409
000430194
000590075
000150059
000610408
000150072
000450342
000340415
000150051
001970388
000440236
000640248
000560322
000010061
000040013
000290116
000060003
001270140
000150370
002020421
000840364
000260046
000370182
001910169
002000027
001990136
000550042
001350028
000120457
000190448
001390059
000660196
000290091
001910151
000350316
000260053
000510066
000340273
000160240
000610129
001270305
000120456
000430449
002070186
000640284
002060140
000590220
001990312
000130088
000360005
000420355
001120294
000520469
000280165
000130202
002080207
000680467
000150313
000110455
000150085
000310397
000660274
001910228
000660164
000130288
000620385
001960234
002070139
000470173
000390305
000480171
000740375
000550177
002070488
000040227
000580467
000040101
002020223
000370435
000160276
000390077
001200014
002010389
000590148
002050261
000130360
000610226
001950457
000050246
002020234
000390463
001120222
000650466
002050269
000200376
000390325
001930438
000840496
000610198
000480445
002010242
000050033
000370069
000350174
002080452
002020444
000840424
000660089
001950458
000100371
000660345
