000010222	వింత	0.89	1.15
000010242	హవా	3.93	4.19
000010252	స్తంభాలను	0.82	1.34
000010297	హేలనలతో	0.46	0.93
000010343	సిక్కులు	0.96	1.33
000010430	సంపర్కులు	1.28	1.88
000010468	శిబిరాలను	2.68	3.14
000010488	సమర్పణకు	2.7	3.37
000020007	సూచించాలని	2.95	3.96
000020020	వస్తుందా	3.43	3.89
000020026	సీతారాం	1.71	2.28
000020036	స్పృహ	2.5	2.87
000020046	సాగిస్తారు	3.77	4.47
000020092	గానే	3.06	3.35
000020092	సదుపాయం	5.01	5.5
000020131	హంపిని	1.2	1.69
000020162	సేకరణపై	4.02	4.6
000020170	సిద్ధార్థ	1.33	1.89
000020193	ఈతకు	0.48	0.84
000020200	చూసేందుకు	1.3	1.75
000020259	స్వేచ్ఛగా	0.77	1.25
000020297	జై	0.46	0.72
000020297	పాట	2.3	2.62
000020309	వెతికి	1.65	2.19
000020311	కూడదు	6.3	6.7
000020311	సరస్వతి	0.99	1.45
000020312	మేయర్	1.01	1.42
000020345	సృష్టించి	1.85	2.47
000020354	సరుకులమీద	1.19	1.89
000020354	సవరణలోని	5.08	5.77
000020354	సేవలమీద	1.89	2.52
000020364	వ్యాఖ్యాలు	4.29	4.72
000030021	ఉమామహేశ్వర	2.79	3.53
000030022	హీరోల	2.67	3.14
000030026	శస్త్రచికిత్సను	1.46	2.36
000030026	సర్వజన	3.26	3.84
000030047	శేషయ్య	1.86	2.32
000030061	మెస్సీ	3.84	4.25
000030096	జయంతి	0.88	1.21
000030116	ఇంజనీరింగ్	2.92	3.37
000030117	హయత్	0.83	1.25
000030117	హోటల్	1.25	1.63
000030118	మాట్లాడారో	1.42	1.95
000030121	సీఎంలు	7.25	7.64
000030123	సిల్క్	3.52	3.82
000030136	స్వార్థ	1.06	1.43
000030153	సేపటి	0.66	1.02
000030158	భయంకరమైన	0.61	1.24
000030159	శివరాత్రి	2.53	2.97
000030159	శ్రీశైలంలో	0.48	1.19
000030169	స్పిన్నర్	1.27	1.72
000030170	పరీక్షలను	0.98	1.76
000030174	చిత్రోత్సవం	0.82	1.36
000030179	సాంబారు	1.43	1.91
000030189	గొప్పది	5.39	5.88
000030259	స్నాచింగ్	0.61	0.99
000030260	గూగుల్	0.42	0.78
000030260	సూచిస్తుంది	9.21	9.93
000030260	సెర్చ్	7.43	7.93
000030275	బాధాకరంగా	2.62	3.21
000030278	సహచర	2.53	3.06
000030282	సంవత్సరాల్లో	2.12	2.61
000030289	సీఎంగా	0.82	1.24
000030321	షహీద్	2.51	2.99
000030352	స్నేహమే	0.75	1.22
000030357	జన్మించాడు	3.73	4.73
000030365	విద్యార్థినులు	2.79	3.55
000030385	ఐకాస	3.03	3.44
000030405	సామాజికవర్గానికి	0.81	1.68
000030411	సుడిగాలి	7.83	8.26
000030419	రాజశేఖర్	1.47	1.99
000030422	స్తకరించి	2.77	3.57
000030423	సిటీ	1.6	1.88
000030434	చర్యను	0.92	1.35
000030472	హోదాకు	0.84	1.26
000030474	ర్యాగింగ్	1.0	1.4
000030485	అప్	3.73	3.82
000040021	గౌరవాన్ని	1.04	1.47
000040084	అనుమానాస్పద	3.43	3.83
000040242	సంస్థతో	1.21	1.59
000040323	పాలను	1.45	1.83
000040363	సర్వేలు	2.68	3.02
000040402	చెప్పుకుంటున్న	1.44	2.32
000040437	శ్రీలేఖలను	2.56	3.05
000040437	సరస్వతితో	0.86	1.33
000040451	సాధ్యమని	2.69	3.17
000050094	హితువు	15.65	16.15
000050095	కంట	3.07	3.42
000050101	విగత	3.76	4.62
000050101	సత్యవతి	0.62	1.32
000050283	బీహార్	0.4	0.78
000050305	హత్యాయత్నానికి	12.31	13.57
000050327	ఆటపాటలు	0.46	1.4
000050368	స్తంభించిపోయింది	6.15	7.35
000050490	హాజరౌతారని	3.48	4.53
000060005	సీసాతో	2.31	2.77
000060011	సంవత్సరమే	4.02	4.6
000060040	సోదరుడి	4.01	4.67
000060054	ములాయం	1.59	2.17
000060056	హుదా	0.91	1.22
000060107	చెరో	2.92	3.28
000060107	జట్లకు	1.46	2.16
000060107	పాయింట్	3.28	3.54
000060108	ఒళ్లు	5.02	5.48
000060128	మాదిగ	0.39	0.78
000060157	భూమన	0.34	0.9
000060233	సృష్టిస్తున్నారు	4.64	5.77
000060242	స్థానాలను	3.35	3.89
000060244	షిప్పులు	3.69	4.2
000060261	స్వచ్ఛాంద్ర	2.99	3.84
000060264	సమావేశంలోనూ	2.5	3.29
000060291	సస్యశ్యామలం	3.93	4.86
000060380	ఐదువేల	3.39	3.76
000060391	సిడ్నీ	0.59	0.91
000060393	శోభానాగిరెడ్డి	3.66	4.51
000060397	చిత్రాంగద	0.6	1.15
000060441	సృష్టిస్తారని	2.17	2.98
000060453	పెంపు	2.36	2.61
000070169	ఆదాల	0.85	1.26
000070211	సోదరితో	2.73	3.49
000070222	హరితహారం	3.96	4.89
000070222	హారం	0.84	1.19
000070296	శోచనీయమన్నారు	8.72	10.13
000070334	సైదాపురం	1.18	1.78
000070339	బాగుండు	1.05	1.69
000070358	ఏడుపాయల	0.46	1.13
000070358	కూలీల	1.13	1.57
000070358	సుఖాంతం	2.18	2.86
000070358	సుఖాంతమైంది	6.25	7.35
000070432	సంప్రదాయంలో	1.18	1.92
000070457	బస్సులను	0.77	1.46
000070480	డాట్	2.53	2.98
000070487	శాయశక్తుల	4.87	5.58
000090020	గణేష్	3.14	3.6
000090044	సహాయచర్యల్లో	0.47	1.46
000090076	సౌకర్యాలకే	2.4	3.17
000090177	కాపురం	2.98	3.46
000090217	హోటల్లో	2.52	2.97
000090247	సారలమ్మ	1.27	1.83
000090252	శిరీష్	4.16	4.49
000090375	పూల	2.33	2.58
000090398	సహకరించినట్లు	3.09	3.91
000090398	సుష్మ	0.48	0.88
000090413	ఆలయానికి	6.72	7.41
000090423	బోల్తా	1.96	2.34
000090434	బిర్యానీకి	0.97	1.44
000090457	కుట్రలో	2.05	2.42
000090482	సాహా	4.39	4.75
000090490	సహజం	4.25	4.77
000100046	అమరుడిని	1.98	2.65
000100046	కావాల్సి	3.36	3.85
000100089	ఉం	6.55	6.85
000100113	హాయం	4.36	4.82
000100115	సంపూర్ణంగా	3.3	4.07
000100185	సాధించారన్నారు	12.69	13.99
000100187	స్కాచ్	3.97	4.52
000100193	రామ	3.76	4.04
000100324	సమర్పించడానికి	3.62	4.67
000100363	హర్షణీయమని	5.07	6.0
000110010	శాసనసభ్యులపై	1.9	2.84
000110011	కాకి	1.8	2.07
000110018	రాష్టప్రతి	0.43	1.01
000110020	సాక్షిలో	0.97	1.45
000110023	సమర్థించుకుంది	5.97	6.93
000110024	హోమం	4.45	4.84
000110034	హాజరైనట్లుగా	3.38	4.04
000110093	సమీక్షించేందుకు	2.19	2.87
000110279	వ్యవసాయాన్ని	0.44	1.09
000110318	వాటర్	3.19	3.54
000110354	సందర్శించే	3.1	3.7
000110500	సూక్ష్మ	1.11	1.53
000120013	సబ్యులు	6.72	7.08
000120091	భాషా	0.83	1.23
000120103	సమస్యలన్నీ	2.11	2.78
000120122	మగ	1.22	1.47
000120145	రైతుకు	0.84	1.2
000120150	సహకరిస్తుందని	2.19	3.01
000120162	వారసత్వం	1.76	2.42
000120165	రెహమాన్	8.46	8.83
000120165	సిరియాలోని	0.92	1.85
000120185	సాధికార	9.51	10.16
000120186	సేవలంటూ	1.64	2.37
000120189	సఖ్యతగానే	2.09	2.68
000120190	శూన్యహస్తాలు	1.47	2.37
000120190	సాధించగలిగారు	3.46	4.61
000120212	సభ్యులందరినీ	0.4	1.2
000120214	సమస్యపై	1.22	1.76
000120235	అరెస్ట్	1.19	1.58
000120250	సముద్రతీరంలో	2.78	3.67
000120263	సరిపోయేంత	1.1	2.12
000120266	సాంకేతికతకు	1.64	2.51
000120291	సస్పెండ్	2.96	3.43
000130007	హిల్స్	2.0	2.16
000130141	విమర్శల	3.2	3.75
000130144	సబ్సిడీ	1.71	2.2
000130200	శాఖలవారీగా	2.13	3.31
000130211	సీట్లను	9.2	9.59
000130227	క్యాంపు	0.48	0.88
000130231	పంపిన	4.82	5.25
000130262	స్టేడియంలో	2.33	2.96
000130268	మర్రి	0.42	0.67
000130277	సమకూరుతోందని	3.79	4.55
000130290	స్మార్ట్	1.17	1.49
000130295	సెక్రటేరియట్	0.91	1.51
000130310	సైన్స్	1.31	1.7
000130323	సంతృప్తితో	2.96	3.61
000130329	ఆదాయపు	0.84	1.31
000130329	పన్నుశాఖ	1.31	1.81
000130354	సీరియస్	2.08	2.49
000130358	షర్మిలకు	1.83	2.21
000130372	వ్యాపారిని	2.65	3.44
000130383	సమాధుల	3.87	4.49
000130407	ఫోటో	1.76	2.18
000130419	సుజల	1.9	2.4
000130419	స్రవంతి	2.4	3.14
000130419	హంద్రీనివా	0.48	1.1
000130456	యోగి	1.18	1.47
000130459	హీరోగా	3.12	3.6
000130462	అభినందనలు	1.78	2.41
000130466	పరిగణలోకి	3.77	4.58
000130475	వివాహిత	0.72	1.25
000130493	సీతారామపురంలో	3.2	4.28
000160034	ప్రజాశక్తి	4.47	5.13
000160034	సంపాదకులు	5.93	6.52
000160073	సంఘటనలపై	3.25	3.82
000160089	వ్యాపారాలను	4.51	5.37
000160097	సాగిస్తూనే	4.5	5.08
000160167	శివార్ల	2.62	3.06
000160174	సంభవించినట్లు	2.28	2.92
000160233	అవుతాయంటే	4.67	5.33
000160250	మద్దెలచెర్వు	4.06	4.9
000160297	చట్టాలను	3.22	3.64
000160318	సాగునీటిని	1.23	1.76
000160421	సర్వేల్లో	3.68	4.26
000160425	స్పందించకపోతే	3.49	4.16
000160486	సమీక్షిస్తానని	1.72	2.73
000170129	సుబ్బారెడ్డి	8.83	9.59
000170134	సంబంధాలపై	2.57	3.47
000170147	సాంప్రదాయాలకు	3.79	4.74
000170149	సచి	1.79	2.4
000170153	హరికృష్ణకు	3.53	4.31
000170156	సైకో	3.37	4.09
000170162	జోరు	2.45	3.0
000170174	సీనియర్లతో	3.31	4.44
000170188	శాలువాతో	5.25	6.04
000170229	వర్ష	3.35	3.73
000170234	శేషు	0.45	1.04
000170241	సాధిస్తున్న	1.68	2.4
000170334	సెక్యూరిటీ	7.58	8.15
000170496	అవుతున్నారు	4.41	5.07
000180039	శ్రీనివాసరావుపై	6.78	7.52
000180050	బీసీ	0.85	1.17
000180081	కొడాలి	1.06	1.47
000180099	సత్వర	3.57	4.01
000180124	సాగుతాయో	4.39	5.08
000180132	శిక్షను	2.94	3.38
000180166	నిరక్షరాస్యత	2.98	3.7
000180204	సర్వేలో	0.56	1.01
000180216	డిగ్గీ	0.59	1.01
000180219	సతీష్	1.32	1.78
000180247	తక్షణ	2.47	2.86
000180284	హుకుం	6.71	7.07
000180350	శిథాలవస్థకు	1.98	2.7
000180351	స్థిరపడి	3.72	4.29
000180362	క్రిడా	0.82	1.17
000180407	ప్రమాదకర	0.43	1.04
000180407	మట్టం	2.28	2.63
000180419	విభిన్నమైన	4.74	5.49
000180434	స్ఫూర్తి	1.05	1.78
000180443	శ్రీధర్	2.32	2.67
000180460	సంప్రదాయవాదినని	0.7	1.81
000180470	సాగునీరిచ్చి	2.28	2.96
000180479	పాటూరు	2.63	3.17
000190222	సభ్యులుగా	2.79	3.35
000220094	తోచని	1.19	1.53
000220106	సదుపాయాలే	3.07	3.58
000220119	హక్కులకోసం	3.88	4.52
000220124	సులోచన	1.96	2.53
000220227	సమిష్టిగా	3.09	3.65
000220279	మాత్రాన	1.3	1.86
000220328	సన్	0.93	1.12
000220342	సంవత్సరాలకు	0.9	1.58
000220362	చెబుతున్నాడు	6.39	7.07
000220362	సిరిప్రియను	0.0	1.33
000220370	చెప్పడమే	6.0	6.41
000220370	శారదా	0.46	0.97
000220396	హైజాక్	4.29	4.68
000220474	శ్రీనివాసులకు	2.13	2.72
000220488	పరుగు	1.95	2.23
000230166	హోరాహోరీగా	5.31	5.99
000230221	వారసులుగా	0.95	1.55
000230288	హిందుజా	0.45	0.99
000230304	సమాన	1.33	1.74
000230455	హామిలను	1.29	1.69
000240121	సరిపోవని	4.63	5.09
000240130	సభలోకి	1.28	1.69
000240144	కోల్పోతారు	3.18	3.82
000240171	షహర్యార్	3.37	4.09
000240195	సీఐడీ	2.97	3.33
000240235	స్వార్థాలు	0.82	1.3
000240367	సుందరీకరణకు	1.65	2.25
000240413	నాసా	5.08	5.67
000240484	శిశువును	1.76	2.11
000250216	జియో	1.49	1.89
000250250	సామెతను	2.16	3.0
000250281	సామ్రాజ్యం	3.0	3.67
000250300	షరతు	3.58	4.1
000250411	పెట్టెలు	3.7	4.11
000250445	హడావుడి	5.22	5.73
000280006	హ్యాండ్	7.42	7.66
000280009	లైన్	4.79	4.94
000280042	కుట్రపూరిత	1.23	1.89
000280065	లండన్	0.46	0.84
000280096	పువ్వు	0.87	1.14
000280100	సత్యనారాయణను	10.27	11.06
000280137	సర్వేపల్లి	1.7	2.47
000280152	శరీరం	3.31	3.72
000280197	శేషగిరిబాబు	4.11	4.92
000280236	పట్టాలు	0.91	1.27
000280241	విమానాల	1.27	1.97
000280258	ఆటను	4.71	5.11
000280317	శంకరమ్మ	1.75	2.27
000280499	సౌరవ్	2.72	3.09
000300007	సిరియాలో	1.74	2.19
000300021	శ్యామలతో	0.46	1.0
000300125	సెట్లలో	0.94	1.34
000300177	సమకూరుస్తామని	2.03	2.75
000300208	స్ఫూర్తికి	1.01	1.53
000300223	పొంగులేటి	1.05	1.53
000300252	వ్యాధికి	1.53	1.93
000300254	సమస్యలతో	2.83	3.48
000300282	హాస్యం	1.75	2.37
000300316	గ్రామాల్లోనూ	0.93	1.44
000300318	స్ధానాల్లో	3.68	4.14
000300369	శాశ్వతమైన	1.93	2.72
000300472	జరిగిందా	1.5	1.97
000310095	సాయపడిన	1.88	2.46
000310102	సాగర్లో	3.26	3.77
000310117	సౌభాగ్యాలతో	3.13	3.89
000310150	సూత్రాలను	1.93	2.36
000310171	జ్వాలా	0.43	0.92
000310185	హాజరుకానున్నారు	5.03	6.0
000310249	ప్రభు	1.35	1.6
000310287	సంయనం	2.25	2.72
000310406	సరళిని	1.28	1.68
000320033	ఆలోచనే	4.72	5.28
000320033	మదిలోకి	5.5	5.92
000320033	విషయాల	3.89	4.35
000320049	పప్పు	10.37	10.86
000320067	సంస్ధ	1.59	1.97
000320079	సమక్షం	3.37	3.94
000320079	సాగించే	5.24	5.77
000320123	శిథిలాల్లో	2.72	3.3
000320168	భీమిలి	4.08	4.55
000320184	దళితులను	3.23	3.75
000320248	జాతర	1.32	1.74
000320310	డిపోలో	6.23	6.6
000320310	పూర్ణచంద్ర	0.45	1.02
000320347	శాసనమండలిలో	5.45	6.35
000320448	సులభం	5.02	5.42
000330264	సామాన్యుడికి	3.13	4.09
000330319	హనుమంత	0.4	0.94
000330355	సమావేశాలను	2.99	3.58
000330380	స్తున్న	4.02	4.58
000330419	సాధించేవరకు	1.76	2.62
000330422	శాసనసభాపక్ష	5.3	6.29
000330450	ఏకాదశి	0.88	1.33
000340058	పట్టిసీమను	1.27	1.82
000340071	పడిందని	2.52	2.91
000340151	అమరవీరుల	0.45	1.0
000340151	స్మారక	1.0	1.4
000340198	స్పూర్తిని	3.48	4.07
000340202	కలెక్టరేట్	2.16	2.62
000340275	శబ్దం	0.62	0.97
000340309	శాంతిపురం	3.24	3.81
000340492	హింసాకాండ	5.19	5.93
000350033	సైద్ధాంతిక	1.39	2.14
000350177	హయాంల్లో	1.26	1.82
000350198	సమస్యల్లో	2.45	3.17
000350198	సారిస్తామని	6.25	7.34
000350203	నచ్చలేదని	3.94	4.64
000350211	శాంతించినట్లుగా	6.39	7.75
000350224	సానియాకు	0.76	1.57
000350234	సంతరించుకుందని	4.37	5.28
000350235	షాక్	3.14	3.5
000350241	సంఘటనలకు	3.5	4.22
000350250	నిర్వాహకులకు	8.05	8.89
000350254	శ్రీనివాసుడు	6.43	7.21
000350254	సప్త	4.53	4.86
000350256	అభిప్రాయానికి	2.75	3.44
000350280	మొహం	0.85	1.19
000350289	సెగ	6.17	6.44
000350291	సహకారానికీ	2.12	2.92
000350325	సంబంధాలకు	2.36	3.12
000350474	బహుమతులు	4.11	4.56
000360030	సింగరేణి	1.93	2.45
000360033	అప్పుతో	0.45	1.1
000360131	సంతల్లో	3.23	3.47
000360167	శివార్లలోని	0.84	1.21
000360304	సీమాంధ్రులు	1.11	1.53
000360377	సాదించి	1.77	2.15
000370028	గ్రామస్తులను	6.32	7.1
000370077	శాతవాహనులు	0.45	1.52
000370081	సరిహద్దుల్లో	1.15	1.81
000370185	శ్వేతపత్రాన్ని	6.98	7.76
000370220	సృష్టిస్తూ	6.52	7.26
000370246	సూత్రధారి	1.92	2.49
000370281	చూడాలో	6.42	7.0
000370355	శిష్య	2.48	2.83
000370456	దేవుడనే	1.06	1.61
000370473	శ్రీకాకుళంలో	0.43	1.42
000380013	టమాటా	1.62	1.99
000380033	సీట్లు	0.75	1.05
000380073	భూమికి	1.72	2.22
000380145	వ్యాపారాల	2.83	3.36
000380190	రాష్ర్టాన్ని	1.37	1.79
000380190	సాధించుకున్నామని	1.79	2.76
000380248	హెచ్చరించారని	3.37	4.3
000380371	సిరిసిల్లలో	1.29	1.84
000380373	సాటిగా	2.81	3.17
000390104	సంధ్యారాణి	2.13	2.8
000390207	సృష్టించారని	1.34	2.1
000400096	సిద్ధమన్నట్టుగా	4.7	5.47
000400102	సమస్యలేవీ	1.33	1.97
000400102	సామాన్యులలో	3.3	4.14
000400107	సుశీల్	2.73	3.18
000400114	దాండియా	0.38	0.96
000400117	సన్నిధిలో	2.28	2.69
000400215	కూతుర్ని	1.8	2.24
000400341	హీనా	5.24	5.54
000400437	సిక్సర్	2.91	3.3
000400452	శాంతిసేనలు	1.32	2.18
000400496	అపహాస్యం	2.64	3.15
000410138	సాగిస్తే	3.82	4.35
000410259	సమాధానమిస్తూ	2.94	3.99
000410284	సహరిరచుకోవాలని	3.76	4.77
000410353	సంజాయిషీ	4.22	4.84
000410381	సాంప్రదాయోత్సవం	0.47	1.65
000410484	సురక్షిత	1.73	2.2
000420065	తరానికి	0.97	1.5
000420068	శిబిరాలు	3.83	4.38
000420139	సహేతుకత	6.08	7.11
000420173	స్దానంలో	0.86	1.42
000420217	సద్దుమణిగింది	8.0	9.07
000420276	గ్రామాలు	2.32	2.77
000430068	శ్రీపీఠం	0.57	1.56
000430228	శానససభ్యురాలు	0.57	1.91
000430470	సేకరణలో	1.85	2.51
000440209	సీజన్	1.29	1.66
000450067	హక్కులేదా	5.29	5.98
000450087	ఓక	2.56	2.79
000450094	శర్మతో	1.11	1.68
000450096	సుందర్	0.46	0.92
000450151	ధనాన్ని	1.13	1.53
000450391	స్వర్ణముఖి	4.13	4.67
000450426	శకలాలు	1.93	2.49
000450442	సర్వసభ్య	2.49	3.6
000470021	హేళనగా	3.49	3.86
000470023	సుద్దపల్లిలో	1.71	2.29
000470170	నెట్టి	2.64	3.21
000470186	సానియాతో	0.46	0.99
000470235	శ్రీవాణి	1.96	2.38
000470364	మాటే	2.02	2.55
000470372	ఆహ్లాదకరమైన	0.48	1.07
000470416	సాగవుతూ	5.31	5.71
000470455	తిరుమలలో	0.45	0.83
000480057	శ్రీశ్రీలకు	1.78	3.2
000480057	సాదర	4.55	5.01
000480367	సోదాల్లో	0.5	1.04
000480419	దంపతుల	0.46	0.99
000480425	రక్త	3.35	3.65
000490060	స్పందించకపోవడం	3.67	4.62
000490156	శాఖామంత్రిగా	2.68	3.59
000490186	కిరాతకంగా	2.48	3.43
000490186	సుత్తితో	3.48	4.1
000490186	సుత్తెతో	5.5	5.93
000490191	స్ఫూర్తిని	6.94	7.51
000490222	సేంద్రియ	2.76	3.2
000490251	సాగించడానికి	1.53	2.49
000490279	శివశంకర	5.1	5.76
000490483	సూపరింటెండెంట్	2.81	3.86
000500071	సందర్శకుల	3.77	4.41
000500123	సాగాలంటే	1.16	1.7
000500171	శ్రీలక్ష్మి	0.47	1.03
000500218	సంప్రదాయాలకు	0.47	1.41
000500322	సాహిత్యంలో	0.47	1.19
000500354	సాగిస్తున్నట్లు	4.71	5.33
000500400	నూనె	1.78	2.04
000500427	సుధీర్ఘ	1.44	1.78
000500450	సమూలమైన	2.1	2.8
000510080	అవకాశాలను	1.37	1.98
000510172	పెట్టకుండా	1.46	1.86
000510180	బస్సును	0.46	0.93
000510210	రోజుకో	0.54	1.0
000510211	పిటిషనర్	4.39	4.99
000510232	సున్నాకే	3.92	4.41
000510234	సొంతమన్నారు	3.81	4.71
000510247	టవేరా	1.23	1.63
000510256	ఢీకొని	1.2	1.62
000510260	సతమతం	2.49	2.98
000510331	సున్నం	2.73	3.09
000510382	సిడబ్ల్యూసి	0.92	1.57
000510398	స్థానికులతో	3.14	3.7
000510468	సంతోషాన్నిచ్చిందని	4.56	5.51
000530008	వంశానికి	3.79	4.78
000530014	శిరీష	1.71	2.27
000530076	స్నాన	5.72	6.01
000530093	సాధించామన్నారు	6.34	7.45
000530106	మొబైల్స్	5.87	6.51
000530109	సైఫాబాద్	2.39	3.05
000530111	అమెజాన్	1.63	2.11
000530112	ఇస్లాం	1.34	1.69
000530119	శేషన్న	2.99	3.54
000530128	కాజల్	1.18	1.56
000530164	హైకమాండ్	3.06	3.72
000530182	సరిపోని	3.85	4.52
000530266	పాత్రల	0.45	0.86
000530292	ఆయుత	0.47	0.89
000530346	స్వామీజీ	4.91	5.68
000530375	శ్యామ్	2.49	2.9
000530424	స్వరాలు	3.75	4.51
000530487	శాల	1.01	1.3
000540133	సమరానికి	1.43	2.04
000540142	సమాంతర	1.01	1.95
000540155	స్వప్నకు	1.69	2.17
000540184	సాక్ష్యాత్తు	0.48	1.02
000540237	స్వగ్రామంలోని	3.62	4.74
000540242	శేఖర్	4.01	4.35
000540271	సైనికులకు	5.43	6.11
000550058	గురయినా	3.05	3.34
000550058	న్యూరాన్	1.83	2.26
000550058	మోతార్	1.4	1.83
000550112	సొరంగ	5.12	5.42
000550117	సెబాస్టియన్	1.6	2.24
000550197	హరగోపాల్	3.37	3.88
000550253	స్వరూప	1.43	1.78
000550272	మనిషికి	0.47	0.84
000550309	గ్రిడ్	1.79	1.95
000550309	ప్రమాణాలతో	1.07	1.54
000550313	సాక్షాత్తూ	2.56	3.0
000550315	స్త్రీలకు	0.45	0.86
000550342	సర్పంచిగా	1.25	1.73
000550368	హత్యలో	1.19	1.46
000550393	సబ్బవరం	4.33	4.75
000550412	సదుపాయాలపై	1.02	1.54
000550420	సంభాషణ	2.61	3.11
000550489	సొత్తు	1.02	1.31
000560097	శాఖదే	1.45	1.81
000560248	హయంలోనే	1.22	1.6
000560256	స్పష్టంచేశాడు	2.39	3.26
000560267	సహాయన్ని	2.5	3.08
000560295	శోభారాణి	0.79	1.32
000560356	కోరికలు	1.49	2.15
000560374	షో	3.9	4.28
000560379	అవుతూనే	2.25	2.56
000560394	సెంట్రల్	0.74	1.05
000560397	సత్యసాయి	1.77	2.36
000560404	స్విచ్	4.18	4.42
000560406	సమస్యలుగానే	3.18	3.69
000570007	సంధ్య	0.39	0.9
000570039	శ్రీరామ్మూర్తి	7.38	8.66
000570051	స్టర్	2.23	2.75
000570086	పిడుగుపాటుకు	0.44	1.33
000570087	హంతకుడని	5.3	6.06
000570092	సింది	6.66	7.06
000570106	ఆరుమాసాల	0.81	1.71
000570106	పెళ్ళై	0.44	0.81
000570129	సమావేశమైన	7.09	8.08
000570160	సాహిత్యాన్ని	4.86	5.74
000570406	బేగం	2.31	2.89
000570449	ప్రదేశానికి	1.54	2.43
000580021	శ్వేతపత్రం	1.52	2.03
000580102	సంస్థలైతేనే	1.52	2.26
000580127	సన్మాన	2.43	2.78
000580169	శ్రావణమాసంలో	0.93	1.61
000580174	దీనికితోడు	1.92	2.42
000580290	సూరితో	0.46	0.95
000580338	శివాలయాల్లో	0.44	1.05
000580428	సైట్	2.67	2.86
000580432	సాధిస్తారని	4.5	4.97
000580453	సౌకర్యాలను	3.33	3.78
000580463	సంతకాల	0.97	1.33
000580465	సిద్ధమవుతోంది	2.42	3.07
000580489	సావిత్రికి	1.22	1.6
000590119	సిద్దిపేటకు	3.49	4.05
000590158	సమైక్యంగా	7.93	8.45
000590205	సబ్సిడీలను	0.45	1.33
000590310	సావిత్రి	3.89	4.3
000590413	సందర్శించింది	6.35	7.1
000590435	శివరంజన్	5.44	5.98
000590445	కల్పించకపోవడం	1.39	2.81
000590445	సమర్థులకు	0.52	1.1
000590477	శృంగారంలో	4.64	5.19
000600043	సత్వరం	6.04	6.51
000600106	శాసనసభ్యులను	5.5	6.29
000600207	స్థిర	0.93	1.14
000600213	సహాయాన్ని	1.44	2.04
000600413	మైమ్	4.51	4.97
000600477	పంజాబ్	1.59	1.92
000600480	హ్యాపీ	4.76	5.12
000610067	షాహీన్	0.54	1.06
000610086	సతీసమేతంగా	3.28	4.55
000610109	శాలువా	2.92	3.51
000610110	కార్డన్	1.48	2.03
000610112	వాట్ల	1.2	1.58
000610134	బీభత్సం	1.4	1.96
000610137	ఆలవాలంగా	3.88	4.84
000610137	హత్యలకు	3.24	3.88
000610149	సోదరుని	3.81	4.48
000610165	సమీకరించిన	1.89	3.03
000610166	శైలి	2.26	2.76
000610384	స్థలాలు	1.16	1.78
000610469	ఇటలీ	0.67	1.36
000610489	హెచ్చరించి	4.11	4.82
000630007	స్థిమితం	4.76	5.28
000630051	సిద్ధమయ్యే	1.4	1.93
000630157	హార్యానా	0.46	0.87
000630216	సాధించడంతో	1.99	2.79
000630216	స్థానాలకు	3.4	4.25
000630322	శుక్రవారంనాడు	2.01	2.95
000630372	సమూలంగా	3.83	4.43
000630375	సూచనలకు	3.02	3.58
000630435	ప్రియురాలు	2.1	2.44
000640091	స్నేహితురాలు	3.44	4.07
000640116	సరిహద్దులోని	1.07	1.92
000640137	సృష్టిస్తోంది	4.33	5.37
000640156	సంజీవినిలా	2.6	3.18
000640167	వ్యాసంగం	4.61	5.07
000640336	స్వర్ణగ్రామం	0.45	1.14
000650355	వ్యాఖ్యానించలేదు	5.19	6.18
000650428	సరిపోవడం	1.61	2.19
000660080	వుంటది	4.89	5.49
000670031	శుభసూచకమన్నారు	2.97	4.1
000670141	సాహిత్యం	4.94	5.48
000670144	సుముఖత	2.11	2.55
000670189	శక్తుల	0.92	1.3
000670211	సీజన్లో	0.59	1.11
000670231	స్పష్టంగానే	1.86	2.48
000670244	సన్నిహితులతో	0.44	1.23
000670244	సమాలోచనలు	1.23	2.11
000670248	స్పందనల్లో	1.18	1.8
000670259	సంఘటనల	1.36	2.16
000670296	సాకులు	4.76	5.23
000670298	తీసారు	3.17	4.06
000670329	ప్రదేశంలో	1.33	1.79
000670335	దురుసుగా	1.16	1.53
000670472	సమర్థించుకోవడానికి	1.01	2.1
000680099	సుబ్రమణ్యం	13.15	13.78
000680184	స్వీకరించారు	5.75	6.51
000680226	సొమ్ముకు	2.23	2.83
000680228	సహకరిస్తున్నట్లు	6.62	7.61
000680286	సంతోషాన్ని	10.86	11.6
000680295	సాయాన్ని	3.41	3.94
000680421	శాసనంలోనూ	0.44	1.42
000680448	సమస్యలకు	2.14	2.64
000680489	సంఖ్యాశాస్త్రం	6.53	7.42
000690075	సాధించినట్లు	3.32	3.78
000690262	సముదాయం	1.73	2.19
000690279	సేకరించే	0.75	1.25
000690364	హిల్లరీ	1.07	1.49
000690376	ఏలియన్స్	1.2	1.72
000690378	సహాయకులకు	2.67	3.31
000690382	అంబేద్కర్	1.78	2.26
000690385	స్వగ్రామానికి	2.06	2.62
000690420	సౌకర్యాలున్న	1.84	2.59
000700039	సంకెళ్ల	5.68	6.05
000700039	సవతి	3.3	3.56
000700217	సొరత	0.42	0.84
000700243	శ్రీశైలవాసు	1.0	1.83
000700243	హన్మంతరావు	3.01	4.08
000700284	సందోహం	3.82	4.21
000700339	సమీక్షించుకొని	1.27	1.86
000700399	సంకల్పంతో	0.64	1.18
000700471	సృష్టిస్తుంటే	1.62	2.17
000710033	సృష్టించే	4.37	5.17
000710098	సేవను	3.17	3.57
000710098	సౌకర్యవంతమైన	1.98	2.99
000710125	సాధించుకోవడం	6.41	7.52
000710125	సులువవుతుందని	7.74	8.78
000710126	సమీక్షలు	0.77	1.49
000710131	సుగుణాల	1.88	2.47
000710180	సరిచేయాలంటూ	4.66	5.82
000710303	సోదరులను	1.16	1.74
000710438	సంపాదించేందుకు	1.62	2.84
000730196	అగ్నిప్రమాదం	6.31	6.95
000730277	హనుమ	4.37	4.75
000730277	హెన్రిక్స్	2.97	3.6
000730412	వ్యాధియేనా	2.1	2.68
000730412	సోకింది	0.88	1.57
000730499	హాజరవుతారని	4.03	4.95
000740104	సాగిస్తోందని	2.41	2.93
000740136	సంఘీభావంగా	1.0	1.83
000740279	శివశంకర్	2.86	3.44
000740287	తడ	0.78	0.9
000740410	ఓం	0.64	0.93
000740410	నమః	0.93	1.1
000740410	శివాయ	1.1	1.54
000740410	శ్లోకాలు	3.75	4.18
000750466	సాధించాలనే	2.93	3.57
000750468	చూపిస్తే	0.88	1.29
000770235	సింధూర	2.17	2.73
000770241	హఠాత్తుగా	3.67	4.37
000770452	కాశ్మీర్	0.47	0.9
000780449	సోనియాలు	4.03	4.93
000840228	హ్యూస్	1.48	1.73
000850073	సరకుల	0.68	1.11
000850073	సరకులను	4.52	4.95
000850203	సిక్కు	2.39	2.85
000860055	వ్యాపారవేత్తగా	3.23	4.1
000860087	శూన్యం	4.41	4.89
000860137	సంఘీభావంగానే	1.5	2.52
000860175	స్వాతిపై	1.96	2.57
000860210	సామాన్లను	1.36	1.9
000860218	చనిపోతే	2.04	2.58
000860255	సమాజసేవకు	2.79	3.57
000860372	స్తంభించింది	6.98	7.8
000860464	స్పందనవంశీ	1.17	1.93
000880412	సాక్షిని	4.48	4.91
000920075	హక్కులతోపాటు	1.38	1.87
000920474	సంతకాలను	1.84	2.24
000940141	సమీపంగా	2.29	2.95
000940180	జీవితానికి	0.47	1.06
000940295	సూరీడు	2.05	2.54
000940469	సంప్రదాయాలను	1.84	2.49
000950442	అన్నవరం	1.54	2.11
000990192	సుఖసంతోషాలతో	3.12	4.22
000990285	సన్నిహితులైన	1.15	2.04
000990338	వ్యవసాయిక	0.95	1.93
000990384	స్నానాల	0.46	1.03
001000168	సత్యంబాబును	0.5	1.31
001000173	సిల్	0.44	0.77
001000243	శేషాచల	1.98	2.6
001010086	గాంధీకి	1.3	1.79
001010108	సౌధాన్ని	2.14	2.68
001010268	శాఖపై	1.26	1.7
001010435	ఏనుగు	5.28	5.74
001020118	శ్రీకృష్ణ	1.22	1.62
001020132	సౌధాలను	3.0	3.67
001020145	సౌకర్యాలకు	4.62	5.7
001020175	సమీకరించడం	6.5	7.17
001020375	సంగతే	6.21	6.58
001050186	స్నానానికి	0.9	1.5
001050403	స్పందిస్తుందని	4.57	5.3
001050432	సమేత	3.6	4.15
001050498	శిల్పులు	1.17	1.74
001050498	శ్రమించారు	6.52	7.04
001060023	సినిమాలకు	2.15	2.89
001060026	ప్రజాసంఘాలు	2.21	3.17
001060065	సహజసిద్ధమైన	0.44	1.68
001060066	షాపు	2.86	3.3
001060068	సూచించినట్లుగా	3.38	4.3
001060110	వ్యాధిని	1.51	1.96
001060147	సాగయ్యేటట్లు	6.17	7.1
001060153	శాసనసభ్యుల	6.6	7.72
001060176	సూచిస్తున్నారు	5.94	6.92
001060184	సుస్థిర	4.44	4.9
001060216	సరైందని	3.32	4.09
001060382	బుడమేరు	0.47	1.08
001070165	శాసనసభ్యురాలు	1.2	2.22
001070175	సగటున	4.03	4.57
001070179	సంగీతానికి	1.94	2.67
001070233	శ్రమ	2.24	2.64
001310041	స్వార్థపరుల	2.86	3.58
001310102	సాధించలేమని	5.63	6.55
001310216	స్వప్నాన్ని	2.06	2.59
001310231	కుటుంబలో	5.05	5.61
001310248	ఇష్టపడి	2.65	3.38
001310258	డ్యాం	2.43	2.74
001310267	సేలా	3.48	3.76
001310268	సీటును	0.97	1.39
001310271	వేరుగా	7.86	8.23
001310275	శ్రీదేవిపై	1.1	1.65
001310289	శ్రీరాములయ్య	3.08	3.77
001310419	సమైక్య	2.92	3.48
001350024	సహాయకురాలిగా	2.07	3.26
001350030	సంస్థలే	3.27	3.88
001350030	సమకూర్చుకోవాల్సి	3.88	5.19
001350037	సెల్ఫీ	3.16	3.73
001350052	స్వపరిపాలన	2.26	3.37
001350052	స్వరాష్ట్రం	0.93	1.73
001350077	పెంచామని	6.03	6.65
001350386	శక్తిగా	7.19	7.81
001350386	శాస్త్రసాంకేతిక	3.85	5.06
001360269	సురేఖకు	0.73	1.4
001360488	సౌదీలోని	1.23	1.92
001370079	హామీలిచ్చి	2.01	2.63
001370166	స్నేహానికి	4.11	4.62
001370176	స్వచ్ఛమైన	0.52	1.13
001370270	శివదీక్ష	1.78	2.29
001370304	సభలలో	1.08	1.4
001370336	శాంతిభద్రతల	0.45	1.29
001370356	శీర్షిక	1.92	2.29
001370372	నృత్య	0.29	0.62
001370372	సమ్మేళనం	0.62	1.12
001400098	శిద్దా	0.52	1.0
001400104	సర్దిచెప్పే	1.22	1.82
001400116	వ్యాపారంలో	1.54	2.43
001400328	షిర్డీ	0.58	1.01
001400385	సమ్మెపై	1.59	2.19
001400411	సుమలత	7.04	7.56
001830086	శరీర	1.46	1.97
001830441	సందిగ్దం	6.37	7.18
001830499	ప్రేమగా	2.86	3.35
001850130	సంతాపంగా	11.48	12.46
001850150	సహజంగానే	5.12	6.0
001850319	సాగుదార్లకు	4.67	5.82
001860088	వ్యాపారులను	1.07	1.65
001860236	సమావేశమయ్యామని	1.83	3.02
001870453	సంస్కృతులు	12.2	12.95
001880181	సూచనలతో	1.4	1.88
001880277	సౌమ్య	2.42	3.2
001880372	సభతో	0.77	1.24
001880448	లోతుగా	4.63	4.98
001900355	చంపడం	1.72	2.46
001920133	తోటలు	5.74	6.6
001920260	మెడల్	0.41	1.33
001920391	శర్మను	0.74	1.23
001950037	ఏకాగ్రత	5.79	6.45
001950224	శిక్షించాలని	3.86	4.92
001950229	సాకుతో	10.1	10.68
001950278	సొసైటీ	2.3	2.76
001960110	నలభై	2.75	3.15
001960228	పైబడిన	2.98	3.52
001970082	సింగమనేని	1.65	2.95
001970083	సభ్య	6.15	7.0
001970262	సఖ్యత	6.91	7.44
001970308	సర్కారుపై	1.79	2.42
001970479	సంకేతాలను	3.06	3.74
001980155	హిందూపురానికి	3.6	4.7
001980477	బోయపాటి	0.4	1.31
001990484	శరీరాన్ని	4.19	4.66
002000353	అనగా	3.66	4.1
002000363	అద్దాలతో	4.46	5.04
002010030	సారించే	3.43	3.93
002010260	బాల	6.67	7.37
002010391	సంప్రదాయంగా	0.5	1.25
002020008	కార్డు	2.82	3.14
002020124	శాఖాధికారులు	5.09	6.33
002020162	స్కూల్	0.5	0.82
002030498	సంవశ్రం	1.6	2.06
002040131	సేవల	0.79	1.17
002060201	సూళ్లూరుపేట	4.15	5.3
002060440	హుండీ	3.0	3.51
002070157	మెదడు	1.01	1.4
002070471	స్ధానం	0.78	1.19
002080331	నెలకొల్పిన	1.61	2.4
002080365	ఆరోగ్యానికి	0.63	1.36
002080499	వేయ	6.92	7.21
002100225	శ్రమిస్తున్నారు	8.98	10.23
002110214	ఉండేవారు	5.68	6.35
002110360	కోరి	2.87	3.14
002120270	స్వాగతించారు	4.92	6.03
002120324	సంయుక్తంగా	3.54	4.17
002120425	స్నేహితుడే	0.79	1.58
002120472	స్టే	6.41	6.87
002130052	సర్	1.33	1.79
002130355	సమంతా	3.99	4.94
002140122	వస్త్ర	5.72	6.13
002140354	పెరుగుతూ	3.7	4.14
002150188	సిరిపురం	3.01	3.85
002150197	సిద్ధిపేట	4.03	4.64
002200062	జరగాలి	2.69	3.29
002210350	బొమ్మలు	1.91	2.18
002230278	ఉన్నవి	1.42	1.84
002260414	జేసి	1.85	2.05
002270315	సాయమే	2.69	3.04
002270326	చెందాలి	1.28	1.6
002270348	సరికాదు	3.67	4.24
TE0013-TE0014_1-B.155	కట్టప్ప	0.0	0.41
TE0053-TE0054_2-A.103	సమానమే	2.39	2.93
TE0053-TE0055_2-B.007	సుమిత్ర	1.07	1.63
TE0053-TE0055_2-B.074	సీతాదేవి	0.0	0.75
TE0053-TE0055_2-B.194	రాను	2.25	2.57
TE0170-TE0172_2-A.302	ఆలోచించే	0.79	1.3
TE0389-TE0391_1-A.400	నచ్చదు	1.01	1.29
TE0389-TE0391_2-B.199	సమయమని	3.62	4.33
TE0405-TE0406_1-A.351	చదువుకోవడం	2.26	2.81
TE0409-TE0411_2-B.346	మాట్లాడుకోవాలి	0.86	1.63
TE0411-TE0412_2-A.102	అనుకుంటున్నాం	0.18	0.71
TE0413-TE0415_1-B.292	ముద్దుగా	0.16	0.63
TE0423-TE0424_1-A.267	అభివృధి	1.14	1.63
TE0429-TE0431_1-B.042	మంచిదా	1.18	1.7
TE0431-TE0432_1-B.072	లంచం	0.26	0.72
TE0431-TE0432_1-B.163	ఏదోటి	0.21	0.7
TE0431-TE0432_2-A.072	సుఖంగా	4.59	4.98
TE0431-TE0432_2-A.249	ఏంటనేది	1.63	2.36
TE0435-TE0436_2-B.173	శివున్ని	1.87	2.16
TE0441-TE0442_1-B.087	జన్మించారు	0.51	0.98
TE0441-TE0442_2-B.025	చెప్తున్నారా	0.71	1.12
TE0441-TE0443_1-B.044	గిడ్డంకులు	3.53	4.17
TE0441-TE0443_1-B.079	వాడితే	2.51	3.14
TE0441-TE0443_1-B.169	బాగుంటాది	2.03	2.73
TE0442-TE0444_1-A.176	సంస్కృతం	1.16	1.78
TE0442-TE0444_1-A.215	స్త్రీలను	0.21	0.55
TE0442-TE0444_1-A.441	సమానులే	0.83	1.21
TE0442-TE0444_2-B.135	సృజనా	0.86	1.32
TE0443-TE0444_1-B.252	వినట్లేదు	1.69	2.31
TE0443-TE0444_1-B.301	ఎవరైన	2.47	3.0
TE0445-TE0446_1-A.100	దయ్యం	0.94	1.25
TE0446-TE0448_2-B.186	ఉండేవాళ్ళు	1.0	1.48
TE0447-TE0448_1-A.181	నాగరికత	0.46	1.07
TE0449-TE0451_2-B.280	వొళ్ళు	3.31	3.46
TE0451-TE0452_1-A.030	చెప్పాలా	0.3	0.78
TE0454-TE0456_2-B.406	సాధించాలి	1.52	2.27
TE0461-TE0463_2-B.424	గోల	1.49	1.77
TE0470-TE0472_1-B.098	విదానం	7.75	8.19
TE0475-TE0476_1-A.346	ఒప్పుకుంటారు	0.46	1.09
TE0481-TE0483_2-A.206	సంపాదించి	2.71	3.2
TE0487-TE0488_2-A.070	చిన్నప్పుడే	0.18	0.92
TE0487-TE0488_2-A.080	సంపాదించుకోవాలి	4.06	5.37
TE0487-TE0488_2-A.087	మనకే	0.65	1.02
TE0489-TE0491_2-B.112	సంపాదిస్తేనే	0.0	0.99
TE0495-TE0496_1-A.058	ఆహరం	4.51	5.0
TE0495-TE0496_2-B.094	పొల్యూషన్	3.89	4.49
TE0495-TE0496_2-B.094	సౌండ్	2.23	2.73
TE0498-TE0500_2-A.212	ఒకేల	0.54	1.05
TE0505-TE0506_2-A.367	సామాన్యమైన	1.61	2.23
TE0507-TE0508_1-A.163	కట్నాలు	0.62	1.2
TE0507-TE0508_1-A.237	తప్పే	1.6	2.11
TE0507-TE0508_2-A.041	సంపాదించాలి	0.32	0.98
TE0514-TE0516_2-B.076	ఎక్కువైపోయింది	1.94	2.71
TE0519-TE0520_1-A.136	పడాలి	0.99	1.31
TE0521-TE0523_2-B.010	నాక్కూడా	0.74	1.22
TE0525-TE0526_1-A.243	స్వచ్	0.17	0.48
TE0529-TE0531_2-B.135	ఆదిత్య	0.21	0.75
TE0530-TE0532_1-A.064	నరకడం	1.34	1.76
TE0547-TE0548_1-B.171	బాద్యత	1.03	1.46
TE0547-TE0548_2-A.228	అబ్బాయిలకు	1.7	2.15
TE0549-TE0550_1-A.126	మనకెందుకు	0.95	1.4
TE0549-TE0550_2-B.141	డబ్బుకి	0.25	0.76
TE0549-TE0550_2-B.558	ఒకొక్క	2.49	3.0
TE0549-TE0551_1-A.218	ఎదుగుదల	1.89	2.29
TE0549-TE0551_1-B.018	స్త్రీలకి	1.01	1.74
TE0559-TE0560_1-A.160	తెచ్చుకొని	1.09	1.72
TE0569-TE0571_2-B.164	సతి	0.0	0.38
TE0583-TE0584_2-B.075	సరైనా	0.35	1.02
TE0589-TE0591_1-B.060	సినిమాకి	2.67	3.08
TE0589-TE0591_1-B.264	ఆత్మలు	1.91	2.35
TE0595-TE0596_1-B.171	స్వేచ్చ	0.43	0.82
TE0601-TE0603_1-A.026	సరింగా	4.77	5.14
TE0605-TE0607_1-B.118	చదివాను	0.89	1.44
TE0605-TE0607_1-B.195	స్తంభాల	0.99	1.64
TE0614-TE0616_2-A.199	సాంప్రదాయం	0.11	0.77
TE0617-TE0618_1-A.534	ప్రేమించాలి	0.84	1.38
TE0617-TE0618_1-A.568	పండగా	0.2	0.49
TE0617-TE0618_2-B.061	సత్యభామ	1.23	1.95
TE0619-TE0620_2-B.014	స్వార్ధం	0.87	1.38
TE0689-TE0690_2-B.044	సమస్తలు	0.97	1.55
TE0689-TE0690_2-B.142	ఆగండి	1.35	1.72
TE0702-TE0704_2-A.130	గనక	3.28	3.52
TE0705-TE0706_1-B.029	స్వసంత్రం	0.43	1.0
TE0705-TE0706_2-B.206	పెద్దది	0.93	1.24
TE0705-TE0707_2-A.381	సాయ	3.79	4.12
TE0706-TE0708_2-B.205	తెలిసిపోయిద్ది	2.84	3.54
TE0707-TE0708_1-A.073	స్ధాయి	3.57	3.85
TE0707-TE0708_1-A.157	స్త్రీని	0.0	0.44
TE0717-TE0718_1-A.277	ఇలాగె	0.22	0.64
TE0717-TE0718_1-A.401	సందర్బాలు	0.33	1.11
TE0717-TE0719_1-B.066	బ్రతకడం	0.2	0.77
TE0721-TE0723_1-A.206	ఎందుకండి	0.6	1.09
TE0725-TE0727_2-B.185	శరీరానికి	1.2	1.93
TE0735-TE0736_2-B.252	హింసించడం	2.8	3.59
TE0737-TE0739_2-B.183	సందర్బాల్లో	1.3	2.07
TE0743-TE0744_1-A.244	సమర్దులా	2.53	3.26
TE0747-TE0748_2-A.013	పండుగా	2.87	3.21
TE0749-TE0751_2-B.164	ముగ్గురికి	0.0	0.73
TE0755-TE0756_1-B.148	కీటకాలు	2.01	2.61
TE0757-TE0758_1-A.140	స్పూర్తి	0.73	1.1
TE0769-TE0770_2-B.055	హరిలాల్	0.17	0.67
TE0769-TE0771_2-A.068	ఎళ్ళాను	0.32	0.88
TE0771-TE0772_2-B.064	హలీం	0.12	0.51
TE0774-TE0776_2-A.032	బైబులు	0.35	0.73
TE0778-TE0780_1-B.087	శతం	1.39	1.78
TE0781-TE0783_2-B.442	సవాళ్ళు	1.81	2.61
TE0794-TE0796_1-A.255	బాగుందా	1.87	2.22
TE2001-TE2002_1-B.110	సంపత్తి	2.65	3.13
TE2005-TE2007_2-A.365	పధకం	0.36	0.99
TE4011-TE4012_1-A.194	సంవత్సరానికి	0.94	1.49
TE4027-TE4028_2-A.127	వాళ్ళేం	0.14	0.53
TE4029-TE4031_1-B.058	పాలక్	0.03	0.4
TE4031-TE4032_2-A.036	ఇట్ల	1.09	1.28
TE4045-TE4046_2-B.047	సునామీలు	0.97	1.65
TE4429-TE4431_2-B.033	సమోసా	0.19	0.76
TE4430-TE4432_1-A.149	సంజు	2.42	2.8
