000040215	అనుమానాస్పద	2.03	2.63
000060130	సూచించాలని	2.22	2.94
000060247	సూచిస్తుంది	5.97	6.62
000070110	చెరో	7.15	7.51
000070269	పాలను	4.4	4.94
000070447	శేషయ్య	1.41	1.96
000090264	మేయర్	3.7	3.97
000100413	మాదిగ	0.44	0.84
000100413	మాదిగ	3.83	4.23
000120459	వస్తుందా	0.94	1.31
000130171	సామాజికవర్గానికి	2.5	3.58
000130208	అరెస్ట్	3.58	3.91
000130241	అప్	1.11	1.2
000130329	అనుమానాస్పద	2.1	2.81
000130329	అనుమానాస్పద	5.06	5.84
000130444	భాషా	7.86	8.21
000160056	సారలమ్మ	5.45	5.84
000160112	గణేష్	0.44	0.75
000160112	గణేష్	2.77	3.08
000160147	పంపిన	2.63	2.97
000160220	సందర్శించే	1.91	2.54
000160246	పాలను	0.77	1.1
000160450	పరీక్షలను	2.36	2.81
000160482	సమస్యపై	1.73	2.22
000170136	బీహార్	3.49	4.17
000170171	కూలీల	13.02	13.65
000170329	అరెస్ట్	2.15	2.56
000170329	అరెస్ట్	5.41	5.7
000180055	ర్యాగింగ్	1.01	1.35
000180196	సీఎంలు	0.77	1.14
000180229	ఇంజనీరింగ్	3.03	3.53
000180229	ఇంజనీరింగ్	4.07	4.53
000180243	సత్యవతి	0.45	1.11
000180297	సంస్థతో	1.32	1.77
000180441	ఫోటో	3.1	3.4
000180441	ఫోటో	4.2	4.45
000190383	స్వేచ్ఛగా	0.99	1.5
000190383	స్వేచ్ఛగా	3.49	3.99
000220010	సతీష్	1.54	1.91
000220031	విభిన్నమైన	0.44	1.12
000220031	విభిన్నమైన	1.17	1.77
000220119	కూలీల	3.53	3.88
000220197	రైతుకు	4.23	4.6
000220235	కొడాలి	0.44	0.8
000220235	కొడాలి	3.05	3.35
000220489	జై	0.43	0.67
000240125	భూమన	3.6	3.9
000240178	జయంతి	0.81	1.17
000240178	జయంతి	2.54	2.79
000240184	క్రిడా	0.8	1.01
000240184	క్రిడా	2.35	2.57
000240373	అభినందనలు	1.07	1.48
000240383	కుట్రలో	3.1	3.42
000240383	కుట్రలో	4.0	4.32
000250205	శిరీష్	1.72	2.31
000250292	స్నాచింగ్	3.21	3.92
000250474	పాటూరు	4.6	5.24
000250474	పాటూరు	11.01	11.43
000250474	ప్రజాశక్తి	2.82	3.49
000250474	ప్రజాశక్తి	9.32	9.98
000250474	సంపాదకులు	3.49	4.32
000250474	సంపాదకులు	9.98	10.73
000280009	జియో	2.67	3.0
000280035	ఫోటో	3.39	3.79
000280035	స్మార్ట్	1.33	1.66
000280057	సత్వర	4.76	5.17
000280092	గూగుల్	0.38	0.87
000280092	గూగుల్	5.54	5.9
000280149	సభ్యులుగా	5.11	5.69
000280258	చూసేందుకు	5.11	5.58
000280258	చూసేందుకు	7.81	8.26
000280361	క్రిడా	4.94	5.22
000280361	సచి	0.99	1.32
000300287	హోటల్లో	1.67	2.1
000320079	స్వేచ్ఛగా	4.37	4.88
000320310	బస్సులను	3.91	4.3
000330074	ప్రభు	2.61	3.01
000330074	ప్రభు	6.23	6.65
000330331	హీరోగా	4.81	5.17
000330387	సస్పెండ్	3.41	3.86
000330400	సుబ్బారెడ్డి	2.42	3.11
000340281	సస్యశ్యామలం	6.12	6.71
000340330	జట్లకు	0.69	1.2
000350217	స్థానాలను	3.96	4.48
000350258	సులభం	6.43	6.88
000350269	పాట	4.15	4.62
000350474	హరితహారం	0.47	1.19
000370159	మర్రి	1.48	1.77
000370230	మాత్రాన	1.65	2.22
000370281	నాసా	0.46	0.84
000370281	నాసా	1.47	1.83
000380057	వాటర్	1.75	2.12
000380317	ఆలోచనే	0.7	1.17
000380450	వర్ష	3.63	3.91
000390257	సమావేశాలను	1.0	1.81
000400042	విద్యార్థినులు	2.29	2.95
000400055	గౌరవాన్ని	3.04	3.6
000400112	సిరియాలోని	0.46	1.12
000400338	సాగిస్తూనే	3.53	4.16
000410079	శాతవాహనులు	4.89	5.8
000410095	బోల్తా	6.47	6.79
000410116	శ్రీధర్	0.48	0.95
000420113	హీనా	2.26	2.91
000420421	విమర్శల	1.41	1.91
000440132	సూత్రధారి	3.35	3.87
000440447	అవుతున్నారు	4.48	5.17
000450117	తరానికి	2.25	2.84
000450117	తరానికి	3.08	3.56
000450317	భాషా	0.74	1.11
000470102	మాదిగ	0.96	1.32
000480040	గ్రామాలు	4.38	4.9
000480076	చిత్రోత్సవం	0.85	1.8
000480076	చిత్రోత్సవం	4.74	5.33
000480473	క్రిడా	3.78	4.14
000490267	పరిగణలోకి	0.55	1.3
000490353	కాకి	0.67	0.9
000490353	కాకి	2.27	2.67
000500235	సూపరింటెండెంట్	3.33	3.94
000500268	వింత	1.65	1.93
000500268	వింత	2.45	2.75
000500323	సాధించుకున్నామని	4.78	5.72
000500443	హడావుడి	0.99	1.43
000510053	విగత	4.11	4.38
000510053	సేపటి	0.67	1.02
000510122	మేయర్	2.03	2.35
000510122	మేయర్	2.76	3.07
000510150	భూమన	6.84	7.36
000510150	సముద్రతీరంలో	2.35	3.14
000510157	యోగి	2.44	2.77
000510193	సతీష్	1.67	2.11
000510194	సస్పెండ్	3.11	3.49
000510198	సీట్లను	2.28	2.72
000530071	జరిగిందా	1.35	1.93
000530071	జరిగిందా	2.44	3.13
000530104	అరెస్ట్	3.55	3.96
000530130	ఉమామహేశ్వర	3.05	3.91
000530167	అపహాస్యం	0.47	1.12
000530167	అపహాస్యం	4.06	4.84
000530173	భూమన	7.96	8.56
000530192	కొడాలి	0.46	0.86
000530304	పూర్ణచంద్ర	0.38	1.13
000530304	పూర్ణచంద్ర	4.47	5.2
000530418	సాక్షిలో	0.5	1.0
000530447	తోచని	1.47	1.91
000530480	వెతికి	1.58	1.96
000530480	వెతికి	1.96	2.42
000540099	పూల	1.17	1.5
000540102	సీఎంగా	0.7	1.41
000540246	క్యాంపు	2.41	3.02
000540248	బాధాకరంగా	2.85	3.63
000540248	బాధాకరంగా	4.68	5.37
000540257	సాంకేతికతకు	0.98	1.71
000540270	అప్	4.54	4.69
000540293	హుకుం	1.67	2.21
000550058	భయంకరమైన	0.8	1.4
000550058	భయంకరమైన	3.34	3.93
000550058	వ్యాధికి	2.63	3.05
000550058	వ్యాధికి	4.62	4.93
000550097	సమాన	3.91	4.26
000550127	అరెస్ట్	4.16	4.38
000550147	పెంపు	1.08	1.38
000550162	బీహార్	0.97	1.24
000550287	సాగించే	3.57	3.86
000550309	వాటర్	1.54	1.79
000550309	వాటర్	2.85	3.12
000550315	సీట్లు	2.19	2.43
000550335	సౌరవ్	3.54	3.81
000550351	బీసీ	0.42	0.69
000550358	చెప్పడమే	3.17	3.67
000550369	లైన్	2.44	2.63
000550379	సస్పెండ్	1.56	1.92
000550394	అప్	3.82	3.98
000550489	సృష్టిస్తారని	3.33	4.09
000560117	బస్సును	3.19	3.5
000560317	పంపిన	2.85	3.35
000560332	సద్దుమణిగింది	6.39	7.09
000560335	శ్రీధర్	3.98	4.23
000560341	సతీష్	0.45	0.84
000560361	వ్యవసాయాన్ని	1.71	2.36
000560362	వింత	2.24	2.47
000560368	వ్యాపారాలను	1.5	2.1
000560475	సీనియర్లతో	2.99	3.58
000570033	పాయింట్	2.35	3.05
000570096	తిరుమలలో	8.53	9.24
000570244	సమాంతర	1.82	2.54
000570254	ఢీకొని	1.26	1.9
000570260	ఉమామహేశ్వర	3.93	4.81
000570272	డిగ్గీ	0.39	0.9
000570288	అప్	0.92	1.05
000570288	అప్	2.21	2.41
000570430	పూల	0.63	1.0
000570430	పూల	2.04	2.57
000580018	తోచని	1.37	1.74
000580042	సిడబ్ల్యూసి	0.83	1.53
000580102	ప్రమాణాలతో	3.59	3.96
000580270	వివాహిత	1.36	1.81
000580270	వివాహిత	3.31	3.75
000580413	క్యాంపు	3.52	3.77
000580421	లైన్	1.83	2.0
000580421	లైన్	2.63	2.78
000580436	సెంట్రల్	1.07	1.55
000580473	రాష్టప్రతి	4.77	5.26
000580473	రాష్టప్రతి	5.52	5.92
000590031	ఐకాస	0.48	0.93
000590304	బేగం	0.85	1.13
000590304	బేగం	1.65	1.96
000590420	శ్రీలక్ష్మి	0.48	0.98
000590453	సీతారాం	2.67	3.16
000590491	సాంబారు	3.04	3.48
000600001	బిర్యానీకి	0.87	1.35
000600004	పెంపు	2.41	2.71
000600012	పట్టాలు	3.68	4.17
000600035	అభిప్రాయానికి	5.66	6.54
000600041	కలెక్టరేట్	1.26	2.14
000600041	కలెక్టరేట్	5.63	6.48
000600050	హవా	2.8	3.06
000600050	హవా	4.74	4.99
000600269	సిరియాలో	0.46	1.06
000600442	సర్వేలో	1.95	2.34
000600474	సైట్	1.07	1.39
000610048	యోగి	2.04	2.35
000610110	సెర్చ్	2.56	3.08
000610110	సెర్చ్	8.94	9.61
000610124	సంయనం	2.03	2.8
000610131	హైకమాండ్	1.87	2.63
000610138	సూక్ష్మ	0.45	1.34
000610145	మైమ్	1.58	1.98
000610145	మైమ్	9.78	10.14
000610197	శాసనసభాపక్ష	2.05	3.22
000610342	సృష్టించారని	4.67	5.9
000610390	జియో	1.04	1.37
000610467	రామ	1.39	1.76
000630054	పరుగు	3.25	3.53
000630126	మేయర్	1.82	2.11
000630194	గణేష్	1.4	1.8
000630230	అమరవీరుల	2.01	2.84
000630230	అమరవీరుల	3.34	3.95
000630271	పిడుగుపాటుకు	1.76	2.48
000630281	ఏకాదశి	0.46	1.04
000630281	ఏకాదశి	2.71	3.21
000630323	సుందర్	3.2	3.5
000630489	తోచని	3.61	3.92
000640099	పరిగణలోకి	1.24	1.83
000640099	పరిగణలోకి	6.25	6.8
000640164	జై	0.43	0.65
000640164	జై	1.22	1.38
000640191	నచ్చలేదని	1.72	2.45
000640191	నచ్చలేదని	4.33	4.89
000640263	పరీక్షలను	0.82	1.27
000640355	శాసనసభ్యులపై	2.27	3.14
000640402	అభిప్రాయానికి	3.03	3.69
000650133	రోజుకో	3.3	4.03
000670118	పంజాబ్	0.92	1.43
000670121	పరిగణలోకి	1.51	2.25
000670143	ఫోటో	0.59	0.97
000670188	సత్యసాయి	1.11	1.7
000670188	సత్యసాయి	3.05	3.77
000670195	సిటీ	0.4	0.71
000670222	శ్రీధర్	3.8	4.15
000670268	సింగరేణి	0.43	0.95
000670364	ప్రమాదకర	0.76	1.24
000670472	చర్యను	0.67	1.01
000680036	శక్తుల	1.71	2.12
000680065	హెచ్చరించారని	6.91	7.68
000680110	సెట్లలో	2.84	3.26
000680166	హరితహారం	1.88	2.79
000680166	హరితహారం	6.63	7.19
000680254	సాక్షాత్తూ	1.41	1.88
000680258	స్వగ్రామంలోని	3.46	4.32
000680424	స్నాన	0.96	1.31
000680496	స్ఫూర్తి	4.52	5.04
000690009	మాదిగ	3.65	3.95
000690050	గౌరవాన్ని	1.34	1.8
000690079	సమాన	1.8	2.18
000690204	హీరోల	1.4	1.9
000690232	మాట్లాడారో	1.78	2.4
000690232	మాట్లాడారో	2.73	3.25
000690271	సైకో	1.66	2.04
000690281	దాండియా	0.38	0.9
000690281	దాండియా	6.13	6.53
000690434	హయత్	1.27	1.59
000690468	సొమ్ముకు	4.12	4.39
000700038	సమాధానమిస్తూ	2.68	3.51
000700212	స్పందించకపోతే	0.82	1.39
000700243	అరెస్ట్	5.88	6.18
000700249	గ్రామాల్లోనూ	0.65	1.04
000700268	ఆయుత	0.47	0.79
000700268	ఆయుత	1.79	2.25
000710132	కావాల్సి	4.28	4.72
000730075	హోమం	6.11	6.42
000730196	డిపోలో	0.77	1.12
000730196	డిపోలో	5.94	6.31
000730211	సంతకాల	0.69	1.13
000730419	నచ్చలేదని	1.94	2.63
000740216	మగ	4.44	4.63
000740250	సారిస్తామని	2.41	2.86
000740278	ప్రమాదకర	0.77	1.3
000750196	ప్రియురాలు	0.68	1.13
000750283	రాజశేఖర్	4.4	4.92
000750286	రెహమాన్	1.93	2.28
000750286	రెహమాన్	4.69	5.06
000750302	దంపతుల	1.35	2.05
000750456	ఆయుత	0.44	0.77
000770254	గ్రామస్తులను	4.71	5.63
000770254	గ్రామస్తులను	7.89	8.78
000770451	సంకల్పంతో	4.71	5.47
000770470	పడిందని	2.06	2.78
000770470	పడిందని	4.09	4.6
000780202	షరతు	3.72	4.15
000780225	వ్యాఖ్యాలు	6.2	6.84
000780286	శాసనమండలిలో	1.45	2.71
000780436	పరీక్షలను	5.08	5.98
000780436	పరీక్షలను	7.26	8.1
000840068	ఈతకు	1.83	2.13
000840164	సేవలంటూ	1.65	2.44
000840184	సహకరించినట్లు	5.16	5.88
000840184	సుష్మ	0.63	0.97
000840193	కార్డన్	0.68	1.04
000840193	సెర్చ్	1.08	1.36
000840279	శ్రీపీఠం	2.96	3.52
000840279	స్మారక	2.11	2.37
000840289	సాటిగా	3.08	3.45
000840401	సూత్రాలను	2.21	2.77
000840425	యోగి	3.7	4.17
000840449	శిథాలవస్థకు	1.79	2.53
000840490	రాష్ర్టాన్ని	1.42	2.06
000850005	స్ధానాల్లో	3.93	4.4
000850015	దీనికితోడు	0.4	1.02
000850017	సంభాషణ	1.17	1.7
000850017	సెబాస్టియన్	2.6	3.43
000850125	అభిప్రాయానికి	4.24	4.77
000850179	సమర్థించుకుంది	4.5	5.47
000850225	సత్యసాయి	0.45	1.1
000850250	చట్టాలను	3.1	3.5
000850281	గౌరవాన్ని	1.47	2.08
000850281	గౌరవాన్ని	5.06	5.48
000850369	ఆదాయపు	0.56	1.06
000850370	నిరక్షరాస్యత	2.94	3.75
000850379	సరుకులమీద	1.06	1.75
000850379	సవరణలోని	4.57	5.01
000850379	సేవలమీద	1.75	2.35
000850402	పిడుగుపాటుకు	1.71	2.17
000860139	వ్యవసాయాన్ని	0.43	1.1
000860142	శిశువును	2.04	2.51
000860203	స్థలాలు	1.21	1.66
000860203	స్థలాలు	3.96	4.41
000860207	సోదరులను	1.11	1.69
000860226	వారసులుగా	0.44	0.95
000860226	వారసులుగా	2.07	2.63
000860253	శకలాలు	3.32	3.9
000860327	బీహార్	0.41	0.76
000860327	బీహార్	1.72	2.0
000860350	ఐదువేల	4.31	4.69
000860363	శారదా	0.46	0.92
000860364	హయాంల్లో	1.43	2.0
000880007	సెక్రటేరియట్	2.74	3.27
000880328	సుబ్రమణ్యం	3.08	3.58
000910111	సింధూర	1.05	1.5
000910131	సభలోకి	1.38	1.94
000910192	ప్రియురాలు	0.47	0.99
000910192	ప్రియురాలు	3.49	3.94
000910309	చూపిస్తే	3.73	4.26
000910324	స్తున్న	3.49	3.71
000910456	శాఖలవారీగా	2.12	2.88
000910458	సున్నం	1.34	1.64
000910471	రక్త	0.45	0.75
000920027	గ్రామాలు	1.24	1.64
000920027	గ్రామాలు	4.14	4.53
000920084	స్ఫూర్తిని	2.58	3.32
000920284	శాలువాతో	1.7	2.43
000920446	అభినందనలు	2.64	3.32
000940119	శర్మతో	3.2	3.69
000940125	విమర్శల	0.45	0.87
000940125	విమర్శల	1.27	1.83
000940141	భూమికి	1.41	1.85
000940158	సదుపాయాలే	0.45	1.29
000940198	సొరంగ	3.33	3.73
000940310	స్దానంలో	0.5	1.02
000940327	గణేష్	1.67	2.09
000940386	సంవత్సరమే	3.5	4.15
000940427	సాగునీటిని	1.91	2.52
000950020	శ్రావణమాసంలో	1.13	2.0
000950167	సమీక్షించేందుకు	2.76	3.94
000950188	పరుగు	2.1	2.5
000950191	శాఖామంత్రిగా	3.13	3.93
000950238	హుదా	1.6	1.87
000950286	జై	0.43	0.73
000950286	జై	1.43	1.63
000950432	రైతుకు	4.36	5.43
000950439	చర్యను	1.07	1.56
000950439	సమర్థించుకోవడానికి	1.56	3.15
000960026	తోచని	3.21	3.74
000960082	చూసేందుకు	2.76	3.44
000960118	అంబేద్కర్	1.86	2.55
000960129	శేషగిరిబాబు	5.85	7.3
000990141	శోభానాగిరెడ్డి	4.62	5.65
000990208	ఆరుమాసాల	0.94	1.69
000990208	పెళ్ళై	0.44	0.9
000990496	సంజాయిషీ	3.03	3.71
001000040	శివశంకర	3.78	4.31
001000120	వంశానికి	0.82	1.28
001000120	వంశానికి	2.4	2.86
001000140	జోరు	1.96	2.31
001000140	జోరు	6.32	6.62
001000140	పంజాబ్	2.69	3.14
001000140	పంజాబ్	3.97	4.43
001000149	సంతోషాన్నిచ్చిందని	6.33	7.26
001000156	గురయినా	3.51	3.95
001000156	గురయినా	5.83	6.28
001000156	న్యూరాన్	2.33	2.96
001000156	న్యూరాన్	5.01	5.43
001000156	భయంకరమైన	0.45	1.43
001000156	భయంకరమైన	3.95	4.62
001000156	మోతార్	1.77	2.33
001000156	మోతార్	4.62	5.01
001000156	వ్యాధికి	2.99	3.51
001000156	వ్యాధికి	5.43	5.83
001000238	ఆలోచనే	2.66	3.24
001000238	ఆలోచనే	5.54	6.2
001000238	మదిలోకి	3.5	4.11
001000238	మదిలోకి	6.44	6.93
001000238	విషయాల	0.83	1.41
001000238	విషయాల	4.69	5.14
001000289	సోదాల్లో	0.53	1.23
001000311	పంపిన	6.68	7.24
001000311	పంపిన	11.96	12.35
001000332	పాలను	0.94	1.51
001000456	బస్సులను	3.45	3.85
001010111	సామెతను	4.8	5.32
001010175	ఆటపాటలు	0.43	1.24
001010175	ఆటపాటలు	1.24	1.82
001010248	కంట	1.72	1.95
001010268	సమీక్షిస్తానని	2.15	3.05
001010360	ఈతకు	1.31	1.58
001010444	దళితులను	0.87	1.31
001020041	పరీక్షలను	2.65	3.09
001020052	మద్దెలచెర్వు	0.4	1.2
001020109	సరిపోవని	3.46	3.95
001020118	వస్తుందా	3.64	4.32
001020118	వస్తుందా	4.96	5.66
001020146	ఏడుపాయల	0.5	1.18
001020146	ఏడుపాయల	3.6	4.08
001020146	కూలీల	1.18	1.53
001020146	కూలీల	4.08	4.41
001020146	సుఖాంతం	1.91	2.54
001020146	సుఖాంతమైంది	4.66	5.46
001020256	అగ్నిప్రమాదం	6.5	6.96
001020261	రైతుకు	1.15	1.65
001020261	రైతుకు	3.61	3.93
001020448	సానియాకు	0.47	1.18
001020496	ఇస్లాం	0.59	1.0
001050039	పంజాబ్	1.25	1.73
001050126	జియో	0.86	1.24
001050215	సోదరితో	1.6	2.12
001050300	దురుసుగా	2.09	2.58
001050300	దురుసుగా	5.51	5.94
001050334	సిక్కులు	1.25	1.83
001050374	దళితులను	2.31	3.08
001050383	పరిగణలోకి	5.44	6.17
001050481	సాగిస్తున్నట్లు	3.71	4.5
001050498	ఐదువేల	2.54	3.1
001060020	షిప్పులు	5.88	6.25
001060033	బాగుండు	3.37	3.93
001060091	హరగోపాల్	5.13	5.77
001060107	సహకరిస్తుందని	3.05	4.16
001060111	సంతృప్తితో	4.36	5.05
001060127	మైమ్	4.58	5.01
001060136	కాశ్మీర్	0.45	1.06
001060173	అప్పుతో	0.26	0.78
001060174	హేలనలతో	0.45	1.08
001060184	సమిష్టిగా	1.05	1.52
001060228	హవా	3.73	4.13
001060257	సొత్తు	0.94	1.45
001060268	బిర్యానీకి	0.88	1.53
001060268	బిర్యానీకి	2.75	3.41
001060281	ఏలియన్స్	1.8	2.43
001060281	ఏలియన్స్	3.37	3.91
001060356	గ్రామాలు	2.47	3.07
001060412	సమీక్షించుకొని	2.87	4.01
001060468	కుట్రపూరిత	2.03	2.91
001060468	కుట్రపూరిత	5.81	6.58
001070025	సదుపాయాలపై	1.72	2.93
001070189	దంపతుల	1.46	2.02
001070299	సర్వేలు	2.73	3.24
001310072	శూన్యహస్తాలు	1.59	2.51
001310072	సాధించగలిగారు	3.67	4.84
001310080	శివార్ల	3.21	3.63
001310103	ఆలయానికి	3.67	4.18
001310207	కిరాతకంగా	3.48	4.21
001310212	హిల్స్	1.53	1.93
001310220	వారసత్వం	3.13	3.71
001310221	గాంధీకి	3.17	3.62
001310221	గాంధీకి	4.66	5.08
001310225	బాగుండు	1.05	1.54
001310225	బాగుండు	2.66	3.13
001310232	సీఐడీ	1.5	2.0
001310258	స్టర్	2.04	2.43
001310266	సోదరుని	4.41	4.88
001310276	పుడితే	0.97	1.28
001310358	సృష్టిస్తుంటే	2.14	3.12
001310415	ఆదాయపు	7.23	7.69
001350015	లైన్	2.46	2.76
001350015	సిక్సర్	5.04	5.53
001350036	శాయశక్తుల	5.76	6.71
001350060	సమస్యలకు	4.43	5.36
001350091	సైఫాబాద్	4.93	5.7
001350212	సహేతుకత	4.96	5.81
001350268	హక్కులేదా	7.39	8.06
001350298	సౌకర్యాలకు	7.5	8.28
001350382	సూచిస్తున్నారు	4.51	5.38
001350485	శ్రీధర్	3.15	3.65
001360043	సుధీర్ఘ	1.6	1.98
001360080	శివార్లలోని	1.17	1.87
001360185	శాస్త్రసాంకేతిక	2.94	4.19
001360238	ఏకాదశి	0.47	1.09
001360238	ఏకాదశి	2.73	3.22
001360241	స్తకరించి	2.67	3.24
001360272	స్వప్నకు	2.08	2.64
001360279	కాపురం	2.63	3.03
001360289	సూరితో	0.59	1.13
001360313	సుఖసంతోషాలతో	1.89	2.86
001360313	సౌభాగ్యాలతో	3.31	4.08
001360328	సరళిని	1.33	1.73
001360352	సంప్రదాయవాదినని	0.81	2.02
001360371	విమర్శల	0.77	1.25
001360418	సమకూరుతోందని	3.38	4.11
001360458	డాట్	1.4	1.63
001360458	సైన్స్	0.56	1.05
001360465	సానియాతో	0.48	1.24
001370014	సమావేశాలను	1.57	2.29
001370014	సమావేశాలను	6.63	7.21
001370031	సాంప్రదాయోత్సవం	0.33	1.4
001370043	సమూలమైన	2.03	2.59
001370044	గాంధీకి	0.78	1.12
001370094	కాశ్మీర్	3.27	3.67
001370169	శిబిరాలను	2.61	3.18
001370176	ఇస్లాం	1.13	1.45
001370322	కాపురం	2.59	3.04
001370322	కాపురం	3.34	3.65
001370334	సమస్యలన్నీ	1.74	2.4
001370341	విద్యార్థినులు	1.05	1.56
001370372	శిష్య	3.41	3.76
001400034	సహాయకులకు	3.5	4.21
001400044	సాగునీరిచ్చి	2.81	3.67
001400079	సాగిస్తోందని	4.4	5.33
001400089	సత్యనారాయణను	3.8	4.78
001400136	సౌకర్యాలున్న	0.74	1.89
001400149	హాయం	1.02	1.38
001400241	టవేరా	1.79	2.33
001400241	టవేరా	3.03	3.49
001400271	గానే	4.34	4.64
001400286	సమస్యలతో	0.72	1.36
001400287	చెప్పుకుంటున్న	2.11	3.15
001400315	దంపతుల	0.79	1.5
001400315	దంపతుల	7.9	8.4
001400315	మేయర్	0.35	0.79
001400315	మేయర్	7.52	7.9
001400337	జయంతి	0.94	1.4
001400337	జయంతి	3.91	4.37
001400353	ర్యాగింగ్	1.69	2.22
001400353	ర్యాగింగ్	4.66	5.07
001400355	దేవుడనే	1.26	1.94
001400355	దేవుడనే	4.72	5.42
001400359	చూపిస్తే	3.89	4.61
001400365	టమాటా	2.66	3.12
001400376	వారసత్వం	0.93	1.56
001400376	వారసత్వం	3.5	4.12
001400379	ఏలియన్స్	2.32	2.92
001400381	తక్షణ	2.01	2.44
001400381	తక్షణ	10.81	11.2
001400392	శ్వేతపత్రం	3.99	4.91
001820022	ఉమామహేశ్వర	3.4	4.13
001820036	ప్రభు	1.93	2.23
001820054	సంకెళ్ల	5.31	5.71
001820054	సవతి	3.26	3.58
001820068	హోరాహోరీగా	4.81	5.43
001820077	సర్వేపల్లి	1.97	2.51
001820087	పిటిషనర్	0.45	0.96
001820108	స్ఫూర్తికి	1.86	2.32
001820227	షాహీన్	4.69	5.12
001820337	పట్టిసీమను	1.9	2.55
001820337	పట్టిసీమను	3.03	3.6
001820340	జట్లకు	0.71	1.1
001820365	సమూలంగా	3.54	4.16
001820448	షహర్యార్	3.44	4.35
001820455	కాకి	0.81	1.1
001820455	కాకి	2.3	2.87
001830031	ప్రభు	2.69	3.02
001830051	సాధించినట్లు	3.8	4.45
001830172	బస్సును	4.48	5.01
001830251	స్తంభాలను	1.22	2.25
001830258	సాధించుకోవడం	5.65	6.77
001830258	సులువవుతుందని	6.77	7.72
001830263	అవుతాయంటే	2.65	3.77
001830263	అవుతాయంటే	9.19	9.98
001830417	సైదాపురం	3.2	5.74
001830496	కంట	2.22	3.03
001840015	లండన్	1.66	2.05
001840108	సురేఖకు	0.73	1.31
001840125	ఆలయానికి	1.6	2.48
001840138	సమాజసేవకు	3.59	5.35
001840282	శాల	2.37	2.86
001850053	సాగిస్తారు	7.92	8.84
001850069	వేరుగా	1.41	2.15
001850085	పూల	4.92	5.38
001850119	నృత్య	7.32	7.85
001850135	సరిపోని	6.36	7.25
001850174	సబ్సిడీలను	0.47	1.57
001850188	ఏనుగు	5.78	6.37
001850341	నెట్టి	5.96	6.46
001850344	హైజాక్	6.43	7.05
001850400	హనుమంత	3.26	3.91
001860039	స్నేహమే	0.81	1.25
001860097	స్వాతిపై	1.52	2.12
001860107	సర్వసభ్య	2.89	3.49
001860151	శాలువా	1.6	2.24
001860151	సిల్క్	4.67	4.94
001860160	సేకరణలో	0.85	1.27
001860204	బీభత్సం	1.35	1.87
001860217	సృష్టిస్తున్నారు	3.99	4.73
001860224	స్నానాల	0.81	1.22
001860235	శ్యామలతో	0.45	1.04
001860237	శేషాచల	1.28	1.87
001860249	శివాలయాల్లో	0.44	1.14
001860306	శిద్దా	5.07	5.47
001860333	శిథిలాల్లో	1.88	2.45
001860367	ప్రమాదకర	4.91	5.46
001860367	మట్టం	2.17	2.6
001860367	మట్టం	6.65	6.96
001860387	సేకరణపై	4.48	5.19
001860450	సాగించడానికి	1.91	2.65
001860500	పడిందని	2.84	3.34
001870005	రోజుకో	2.59	3.0
001870087	సాయాన్ని	3.43	4.0
001870103	హర్షణీయమని	4.86	5.82
001870106	చెరో	1.37	1.75
001870106	చెరో	3.9	4.2
001870106	జట్లకు	0.67	1.34
001870106	జట్లకు	3.12	3.9
001870106	పాయింట్	1.75	2.26
001870106	పాయింట్	4.2	4.54
001870119	సంతాపంగా	2.55	3.3
001870159	జయంతి	1.82	2.28
001870175	బీభత్సం	5.21	5.65
001870176	స్వార్థపరుల	5.19	6.12
001870197	సరిపోయేంత	1.76	2.6
001870205	తోచని	6.34	6.77
001870312	సాహిత్యాన్ని	8.01	8.87
001870349	సన్నిహితులతో	0.44	1.47
001870349	సన్నిహితులైన	3.49	4.22
001870349	సమాలోచనలు	1.47	2.7
001870349	సమాలోచనలు	5.86	6.9
001870362	సతమతం	3.93	4.5
001870367	హార్యానా	0.45	0.87
001870407	సమావేశమయ్యామని	10.38	11.49
001870410	సమాధుల	4.94	5.48
001870423	సెగ	5.76	6.1
001880018	సిద్ధమన్నట్టుగా	4.51	5.32
001880046	సాంప్రదాయాలకు	1.16	1.85
001880080	సిద్ధమవుతోంది	6.26	7.2
001880086	స్తంభించింది	4.42	5.62
001880200	సహాయన్ని	2.43	2.93
001880204	స్వార్థాలు	0.45	0.92
001880231	ఐదువేల	4.24	4.69
001880243	సోనియాలు	2.14	2.54
001880264	సర్వేల్లో	4.18	4.59
001880395	షాక్	9.11	9.41
001880412	సాక్షిని	6.73	7.24
001890037	చిత్రోత్సవం	2.63	3.32
001890073	ప్రమాణాలతో	4.54	5.28
001890073	సంస్థలైతేనే	1.68	2.79
001890079	ప్రజాశక్తి	0.44	1.05
001890094	మేయర్	2.24	2.72
001890114	రాజశేఖర్	3.2	3.83
001890122	సాధించారన్నారు	3.99	5.29
001890165	శ్రీకాకుళంలో	3.7	4.47
001890184	అమరుడిని	2.42	3.18
001890184	కావాల్సి	3.21	3.66
001890190	సైనికులకు	6.69	7.17
001890264	హఠాత్తుగా	0.43	1.06
001890367	శీర్షిక	3.26	3.91
001890414	సుజల	1.66	2.34
001890414	స్రవంతి	2.34	2.78
001890414	హంద్రీనివా	0.41	1.66
001890427	స్పష్టంగానే	2.25	3.18
001900186	పాత్రల	0.43	0.84
001900186	పాత్రల	1.54	1.97
001900352	స్వపరిపాలన	2.72	3.73
001900352	స్వరాష్ట్రం	1.55	2.55
001900373	పరీక్షలను	0.8	1.2
001900394	సందోహం	3.13	3.71
001900395	జ్వాలా	0.35	1.12
001900395	జ్వాలా	2.13	2.49
001900403	సాహిత్యంలో	1.43	2.21
001900418	ఏనుగు	1.02	1.41
001900433	సాక్ష్యాత్తు	0.47	1.02
001900450	ఈతకు	0.84	1.04
001900477	అభినందనలు	1.97	3.1
001900478	మెస్సీ	2.04	2.47
001900478	మెస్సీ	5.02	5.44
001900486	సిక్కు	1.84	2.39
001910015	హెచ్చరించి	3.55	4.13
001910380	ఐదువేల	4.24	5.07
001910380	ఐదువేల	5.07	5.61
001910380	సన్నిధిలో	2.67	3.3
001920005	విషయాల	2.24	2.65
001920046	సొంతమన్నారు	4.53	5.7
001920135	బాగుండు	1.14	1.91
001920135	బాగుండు	4.08	4.68
001920136	బేగం	2.93	3.52
001920147	సరిపోవడం	3.75	4.34
001920152	శ్రీశైలంలో	2.14	2.81
001920159	హోదాకు	2.95	3.56
001920160	చెబుతున్నాడు	7.36	8.37
001920160	చెబుతున్నాడు	10.33	11.14
001920160	సిరిప్రియను	0.53	1.48
001920194	సమస్యలుగానే	5.42	6.29
001920205	రామ	1.64	1.97
001920212	ఆలవాలంగా	10.19	11.02
001920212	ఆలవాలంగా	12.13	12.96
001920212	హత్యలకు	7.92	8.73
001920213	కాపురం	4.32	4.74
001920220	బుడమేరు	0.39	1.58
001920220	బుడమేరు	6.24	7.58
001920241	అభినందనలు	3.11	3.66
001920255	గ్రిడ్	3.54	3.72
001920255	వాటర్	3.17	3.54
001920258	విభిన్నమైన	5.17	5.88
001920260	సాధించడంతో	2.08	3.0
001920260	సాధించడంతో	5.14	5.82
001920286	వ్యాపారిని	2.89	3.68
001920288	హ్యూస్	9.25	9.62
001920299	స్వచ్ఛాంద్ర	2.54	3.88
001920299	స్వచ్ఛాంద్ర	4.26	5.06
001950037	శ్రమ	4.05	4.69
001950211	నిర్వాహకులకు	4.23	5.1
001950221	బీసీ	3.21	3.56
001950226	సరిహద్దులోని	3.7	4.74
001950235	సాధిస్తారని	7.83	9.37
001950281	పెంపు	1.74	2.13
001950282	శ్రీలేఖలను	2.9	3.62
001950282	సరస్వతితో	0.91	1.54
001950290	స్తంభించిపోయింది	5.76	7.26
001950294	శబ్దం	4.42	4.91
001960008	శ్రీనివాసరావుపై	10.98	11.92
001960017	సాయాన్ని	2.74	3.31
001960039	ప్రజాసంఘాలు	1.24	2.11
001960039	ప్రజాసంఘాలు	3.9	4.91
001960119	స్పందించకపోవడం	3.94	5.0
001960120	జియో	1.12	1.54
001960148	బహుమతులు	7.35	7.88
001960158	వ్యాధిని	3.65	4.13
001960159	ఏలియన్స్	1.26	1.77
001960159	ఏలియన్స్	2.85	3.32
001960178	వ్యవసాయిక	0.95	1.61
001960178	వ్యవసాయిక	2.65	3.28
001960200	సమేత	1.86	2.55
001960230	సుద్దపల్లిలో	2.78	3.58
001960245	జ్వాలా	2.32	2.65
001960279	ఉమామహేశ్వర	4.46	5.19
001960316	శూన్యం	4.84	5.28
001960336	సంఖ్యాశాస్త్రం	6.32	7.21
001960337	రాష్టప్రతి	0.45	1.09
001960339	కావాల్సి	5.08	5.74
001970148	అగ్నిప్రమాదం	1.86	2.64
001970148	అగ్నిప్రమాదం	4.44	5.22
001970197	చూసేందుకు	3.51	4.13
001970197	స్వగ్రామానికి	5.04	5.85
001970236	సహరిరచుకోవాలని	4.18	5.03
001970278	సమక్షం	0.85	1.46
001970300	సంస్థలే	4.33	4.95
001970300	సమకూర్చుకోవాల్సి	4.95	5.91
001970304	శేషు	0.45	0.95
001970333	శాసనసభ్యుల	4.36	5.12
001970336	సోదరుడి	6.31	6.93
001970388	మాటే	2.45	2.89
001980041	సమకూరుస్తామని	3.43	4.6
001980106	సాగిస్తే	4.37	5.08
001980115	హేళనగా	9.38	10.08
001980159	స్మార్ట్	5.52	5.85
001980173	సహకారానికీ	2.96	4.15
001980176	బీహార్	4.08	4.67
001980184	శాంతించినట్లుగా	8.93	10.72
001980317	సాగవుతూ	6.97	7.75
001980347	సృష్టిస్తోంది	5.63	6.92
001980369	స్థానికులతో	1.4	2.25
001980376	సహకరిస్తున్నట్లు	10.1	11.18
001980387	సంఘటనలకు	4.13	5.01
001980391	సరిచేయాలంటూ	6.51	7.72
001980403	ఈతకు	7.84	8.45
001980421	పెంచామని	7.35	8.27
001980421	పెంచామని	9.15	9.82
001980421	సబ్సిడీ	3.11	4.38
001980421	సబ్సిడీ	8.58	9.15
001980471	సూచనలకు	5.13	5.92
001980481	సన్	2.37	2.62
001980485	ఇంజనీరింగ్	2.14	2.75
001990121	పుడితే	0.89	1.21
001990209	ఆలయానికి	0.44	0.92
001990209	ఆలయానికి	1.5	1.94
001990209	సమీపంగా	2.25	2.77
001990242	సంకేతాలను	4.61	5.22
001990270	సుందరీకరణకు	2.17	2.85
001990287	సమ్మెపై	2.01	2.38
001990295	హత్యాయత్నానికి	5.21	6.4
001990445	పెంపు	4.64	4.98
001990484	హ్యాండ్	2.59	2.85
002000036	శివరంజన్	6.33	7.0
002000105	శ్రీనివాసులకు	2.73	3.44
002000106	సేంద్రియ	5.55	6.02
002000135	సంవత్సరాల్లో	2.82	3.58
002000139	సంఘటనలపై	0.59	1.27
002000185	ఏనుగు	8.13	8.65
002000248	పూల	2.43	2.7
002000331	ఐదువేల	2.38	2.91
002000331	శిల్పులు	1.14	1.77
002000331	శ్రమించారు	6.0	6.71
002000352	సంభవించినట్లు	3.22	3.97
002000364	స్వరూప	2.18	2.68
002000396	గౌరవాన్ని	1.23	1.8
002000396	గౌరవాన్ని	5.95	6.6
002000434	సాధిస్తున్న	4.64	5.19
002000458	సత్యవతి	0.49	1.08
002000462	స్పందనల్లో	1.69	2.37
002000462	స్పృహ	4.2	4.7
002000483	స్దానంలో	0.75	1.27
002000483	స్దానంలో	2.39	2.9
002000497	సంతకాలను	2.39	2.97
002000498	స్థిమితం	3.75	4.22
002010003	ఓక	6.03	6.24
002010032	ఓక	1.38	1.53
002010038	ఆదాల	0.83	1.45
002010038	ఆదాల	7.88	8.35
002010050	ఢీకొని	0.81	1.33
002010064	సమైక్యంగా	6.54	7.2
002010091	హీరోగా	6.0	6.45
002010331	స్టేడియంలో	1.7	2.3
002010342	సంపూర్ణంగా	1.56	2.18
002010346	స్మార్ట్	0.9	1.38
002010346	స్మార్ట్	3.06	3.54
002010375	హోటల్	3.24	3.75
002010377	క్యాంపు	4.86	5.32
002010381	అపహాస్యం	4.06	4.91
002010488	నృత్య	0.34	1.11
002010488	నృత్య	5.76	6.26
002010488	సమ్మేళనం	1.14	2.06
002020008	రైతుకు	1.16	1.71
002020028	శ్రీశ్రీలకు	2.04	2.74
002020028	సాదర	3.85	4.31
002020047	హాజరుకానున్నారు	4.56	5.72
002020073	కూలీల	4.05	4.49
002020101	సూరీడు	2.81	3.54
002020126	టవేరా	1.7	2.33
002020126	టవేరా	3.51	4.16
002020132	సీజన్లో	1.04	1.4
002020133	సిద్ధార్థ	2.64	3.13
002020135	చూసేందుకు	1.18	1.99
002020145	బోల్తా	2.9	3.28
002020147	శాఖదే	6.29	6.78
002020155	అనుమానాస్పద	2.57	3.29
002020155	అనుమానాస్పద	5.44	6.07
002020155	ఆదాయపు	0.65	1.3
002020155	ఆదాయపు	3.93	4.52
002020155	పన్నుశాఖ	1.3	1.96
002020155	పన్నుశాఖ	4.52	5.15
002020163	జై	0.64	0.94
002020163	పాట	2.61	2.89
002020189	సిద్దిపేటకు	3.67	4.43
002020195	సీటును	2.01	2.41
002020196	సౌధాలను	3.79	4.34
002020299	సంవత్సరాలకు	0.97	1.69
002020377	హంతకుడని	3.24	3.82
002020392	పంజాబ్	1.82	2.3
002020392	శర్మను	0.91	1.34
002020437	సృష్టించి	5.31	5.74
002030066	సులోచన	2.12	2.66
002030194	సుముఖత	3.91	4.36
002030350	సాధించాలనే	2.5	3.01
002030416	సముదాయం	0.9	1.36
002040010	గాంధీకి	5.91	6.4
002040011	శక్తిగా	1.05	1.71
002040029	శాంతిపురం	1.54	2.25
002040053	విమానాల	1.54	2.13
002040053	విమానాల	6.51	7.07
002040065	సీతారామపురంలో	2.67	4.03
002040089	శంకరమ్మ	1.59	2.15
002040091	భాషా	0.77	1.14
002040092	గ్రామాలు	6.99	7.49
002040144	భూమన	3.63	3.97
002040268	సాగుదార్లకు	4.02	4.74
002040284	ఢీకొని	0.77	1.13
002040284	ఢీకొని	4.83	5.24
002040287	సమీకరించిన	1.94	2.62
002040486	సామాన్లను	1.37	1.84
002060082	దంపతుల	3.44	4.25
002060126	సావిత్రి	5.81	6.57
002060146	నలభై	0.74	1.17
002060255	హాజరౌతారని	4.51	5.95
002060323	స్పిన్నర్	2.09	3.21
002060412	జరిగిందా	3.26	4.02
002060476	షర్మిలకు	3.34	4.25
002060485	స్పందనవంశీ	2.26	3.92
002060489	సేలా	5.71	6.04
002070157	ఏకాగ్రత	6.17	6.85
002070415	సఖ్యతగానే	2.21	3.07
002080002	ధనాన్ని	0.92	1.29
002080002	ధనాన్ని	3.34	3.73
002080016	శివశంకర్	5.77	6.42
002080016	సృష్టిస్తూ	2.44	3.1
002080040	అవకాశాలను	3.66	4.29
002080145	శ్యామ్	5.3	5.87
002080148	దళితులను	5.03	5.58
002080194	సబ్బవరం	5.62	6.26
002080331	సాహా	1.24	1.61
002080331	సాహా	5.35	5.86
002080342	అమరవీరుల	2.7	3.37
002080369	ఓం	0.77	1.1
002080369	ఓం	1.97	2.12
002080369	నమః	1.1	1.32
002080369	నమః	2.91	3.23
002080369	శివాయ	1.32	1.94
002080369	శ్లోకాలు	5.13	5.79
002080370	సావిత్రికి	2.29	3.15
002080379	శ్రీవాణి	4.52	5.02
002080441	శివదీక్ష	1.99	2.58
002080448	హింసాకాండ	5.95	6.69
002080484	మైమ్	4.65	4.96
002090015	సీజన్	2.01	2.37
002090028	శిక్షించాలని	4.0	4.67
002090044	గాంధీకి	3.17	3.6
002090051	శాఖాధికారులు	3.4	4.14
002090075	మర్రి	1.37	1.64
002090075	మర్రి	2.18	2.51
002090075	శ్రీధర్	1.64	2.13
002090075	శ్రీధర్	2.51	2.88
002090077	చూపిస్తే	0.88	1.37
002090077	చూపిస్తే	3.97	4.48
002090079	క్యాంపు	1.27	1.68
002090088	శ్రీదేవిపై	1.04	1.7
002090099	సృష్టించే	2.23	2.82
002090246	మగ	4.47	4.69
002090301	హాజరైనట్లుగా	4.25	4.99
002090400	పాలను	0.83	1.32
002100090	సాధించలేమని	8.42	9.44
002100108	తరానికి	2.87	3.69
002100125	క్రిడా	1.05	1.48
002100125	క్రిడా	3.96	4.34
002100126	హామీలిచ్చి	3.83	4.93
002100174	సభలలో	3.61	4.1
002100225	సీరియస్	2.75	3.16
002100281	భూమికి	2.04	2.47
002100281	భూమికి	2.47	2.95
002100284	సంజీవినిలా	3.98	4.88
002100315	శాశ్వతమైన	2.78	4.29
002100351	స్పూర్తిని	3.92	4.74
002100371	సౌకర్యాలకే	2.29	3.07
002110004	సభ్యులందరినీ	1.02	1.97
002110100	చట్టాలను	1.37	1.98
002110100	చట్టాలను	5.54	6.24
002110100	శోచనీయమన్నారు	8.15	9.35
002110105	నెలకొల్పిన	2.16	2.84
002110105	సహాయకురాలిగా	4.48	5.4
002110142	ఫోటో	0.73	1.14
002110189	తడ	3.58	3.97
002110189	సూళ్లూరుపేట	1.26	2.19
002110190	ఇస్లాం	1.16	1.63
002110190	స్వచ్ఛమైన	0.45	1.16
002110192	శుభసూచకమన్నారు	3.68	5.03
002110194	సర్కారుపై	3.17	3.78
002110213	సాధ్యమని	4.9	5.41
002110218	సైద్ధాంతిక	1.39	2.04
002110274	సాధికార	2.61	3.16
002110315	అనుమానాస్పద	0.89	1.57
002110321	శివరాత్రి	1.21	1.79
002110349	అమెజాన్	1.51	1.94
002110349	అమెజాన్	5.07	5.59
002110349	డాట్	2.79	3.15
002110349	డాట్	5.85	6.22
002110354	సొసైటీ	0.49	0.97
002110370	వింత	4.94	5.34
002110372	హుండీ	2.95	3.29
002110386	శాసనసభ్యురాలు	1.98	2.96
002110484	సత్వరం	4.73	5.31
002120011	శేషన్న	2.83	3.58
002120077	షహీద్	3.73	4.27
002120230	భూమికి	1.6	2.11
002120343	ఈతకు	3.16	3.64
002120350	స్విచ్	2.16	2.47
002120385	జయంతి	3.96	4.67
002120394	పిటిషనర్	0.44	0.89
002120394	పిటిషనర్	6.38	6.92
002120427	బీసీ	4.19	4.61
002120441	హరికృష్ణకు	4.3	5.14
002120469	వ్యాపారులను	10.29	10.93
002120483	దాండియా	0.33	0.94
002120483	దాండియా	4.12	4.63
002120491	సతీష్	3.68	4.24
002130001	వెతికి	1.48	1.96
002130009	అభిప్రాయానికి	2.71	3.39
002130010	అంబేద్కర్	0.42	1.32
002130030	పంజాబ్	1.06	1.48
002130059	గణేష్	6.5	7.05
002130074	చూసేందుకు	3.8	4.79
002130137	శాంతిభద్రతల	3.57	4.61
002130142	స్పందిస్తుందని	2.03	2.95
002130161	ఇస్లాం	3.47	3.84
002130165	వ్యాధియేనా	2.8	3.95
002130165	సోకింది	1.23	2.07
002130236	సంధ్యారాణి	1.93	2.62
002130266	సిల్	0.44	1.01
002130302	పప్పు	0.45	0.83
002130347	విగత	8.74	9.25
002130363	సొరత	1.55	2.06
002130380	సరైందని	6.01	6.56
002130385	సంప్రదాయాలకు	0.46	1.29
002140001	విషయాల	1.53	1.94
002140019	హిల్లరీ	0.46	0.83
002140019	హిల్లరీ	1.47	1.85
002140027	సత్యవతి	1.2	1.73
002140049	ఆహ్లాదకరమైన	0.48	1.22
002140049	ఆహ్లాదకరమైన	4.77	5.48
002140087	స్మార్ట్	2.06	2.53
002140092	శ్రీశైలవాసు	0.74	1.48
002140092	హన్మంతరావు	4.47	5.18
002140139	సంబంధాలకు	1.91	2.62
002140156	ములాయం	1.73	2.3
002140156	ములాయం	4.83	5.33
002140220	మొహం	3.15	3.51
002140221	వ్యాసంగం	4.6	5.36
002140277	స్వర్ణగ్రామం	4.1	4.87
002140287	వాటర్	2.98	3.35
002140287	సెక్యూరిటీ	1.51	2.03
002140290	సమస్యలేవీ	1.51	2.16
002140290	సామాన్యులలో	3.82	4.68
002140356	పెంచామని	5.83	6.33
002140379	బహుమతులు	5.8	6.45
002140379	హరితహారం	1.76	2.61
002150116	క్యాంపు	0.46	0.79
002150116	క్యాంపు	5.84	6.23
002150127	స్ధానం	1.53	1.89
002150164	గ్రామాల్లోనూ	0.72	1.37
002150177	సౌధాన్ని	2.68	3.5
002150184	మాత్రాన	1.98	2.82
002150184	మాత్రాన	4.6	5.25
002150188	షో	12.97	13.49
002150192	వ్యాపారవేత్తగా	2.23	3.04
002150197	షాపు	6.67	6.97
002150233	సంతరించుకుందని	4.76	5.96
002150273	డ్యాం	2.82	3.13
002150273	డ్యాం	4.28	4.53
002150295	సీమాంధ్రులు	1.92	2.43
002150461	సహచర	3.08	3.67
002180003	క్రిడా	4.27	4.65
002180003	సాకులు	5.22	5.61
002180012	సంబంధాలపై	4.79	5.7
002180012	సమావేశమైన	7.59	8.73
002180054	సంఘీభావంగానే	1.71	3.36
002180072	ఇంజనీరింగ్	0.95	1.47
002180072	సెల్ఫీ	3.85	4.28
002180079	శాఖపై	3.23	4.15
002180089	విద్యార్థినులు	4.67	6.55
002180089	విద్యార్థినులు	10.13	11.16
002180090	అవకాశాలను	1.32	2.21
002180090	అవకాశాలను	5.34	6.57
002180118	హవా	2.69	3.7
002180129	ఇటలీ	5.76	6.1
002180140	స్థానాలకు	4.9	5.6
002180146	శస్త్రచికిత్సను	2.02	2.89
002180146	సర్వజన	4.42	5.41
002180190	స్వాగతించారు	5.82	6.71
002180228	స్వీకరించారు	4.93	5.81
002180241	సౌదీలోని	1.84	2.45
002180244	సతీసమేతంగా	0.46	1.39
002180287	సేవను	4.0	4.44
002180287	సౌకర్యవంతమైన	2.85	4.0
002180346	సమీక్షలు	2.74	3.63
002180450	హరితహారం	4.4	5.46
002180450	హారం	0.87	1.18
002190016	హాజరవుతారని	3.21	4.16
002190115	శరీర	1.01	1.36
002190127	హయంలోనే	1.33	2.02
002190154	హక్కులతోపాటు	1.74	2.56
002190265	స్కాచ్	3.71	4.01
002190297	సర్దిచెప్పే	1.2	1.77
002190353	సమర్పించడానికి	3.1	3.94
002190367	శుక్రవారంనాడు	1.16	1.91
002190367	సమావేశంలోనూ	2.21	3.09
002190400	సమరానికి	1.37	2.04
002190429	సహాయచర్యల్లో	0.46	1.37
002190462	హామిలను	1.27	1.69
002190486	సారించే	3.12	3.57
002190489	స్వర్ణముఖి	2.97	3.56
002200028	మనిషికి	0.44	0.91
002200028	మనిషికి	0.91	1.41
002200040	శృంగారంలో	1.08	1.72
002200049	సమర్పణకు	1.85	2.41
002200183	సాగర్లో	3.53	4.15
002200208	సంపర్కులు	1.76	2.3
002200276	శ్రీనివాసుడు	6.33	7.08
002200276	సప్త	4.49	4.86
002200288	స్థిర	1.82	2.1
002200500	ఉమామహేశ్వర	5.94	6.51
002210019	శ్రీరాములయ్య	3.12	3.79
002210053	శాసనంలోనూ	0.46	1.22
002210067	సాగుతాయో	3.51	4.22
002210111	సాగయ్యేటట్లు	3.53	4.25
002210131	హంపిని	1.27	1.7
002210181	సామాన్యుడికి	4.8	5.68
002210219	వివాహిత	0.43	1.06
002210233	శాంతిసేనలు	1.29	2.02
002210243	సన్మాన	3.06	3.46
002210252	శోభారాణి	0.73	1.29
002210272	సీసాతో	1.98	2.42
002210278	కల్పించకపోవడం	1.38	2.23
002210278	సమర్థులకు	0.49	1.1
002210342	హత్యలో	0.47	0.81
002210355	కూలీల	3.4	3.77
002210355	హక్కులకోసం	3.77	4.29
002210419	సాధించేవరకు	1.88	2.51
002220028	సిరిసిల్లలో	1.19	1.67
002220041	శానససభ్యురాలు	0.48	1.3
002220052	సింది	5.54	5.96
002220064	హిందుజా	0.47	1.29
002220115	దురుసుగా	1.35	1.77
002220125	సహజసిద్ధమైన	2.31	3.37
002220149	బహుమతులు	2.39	2.82
002220180	సుమలత	4.53	4.94
002220208	సాయపడిన	1.79	2.42
002220225	జోరు	2.14	2.47
002220245	సిద్ధమయ్యే	1.23	1.74
002220306	సుగుణాల	1.4	1.94
002220464	హవా	2.76	2.98
002220488	వర్ష	2.3	2.75
002230019	సాగాలంటే	1.11	1.75
002230040	శ్వేతపత్రాన్ని	6.25	6.98
002230048	పట్టిసీమను	0.45	1.06
002230065	సాహిత్యం	3.26	3.94
002230131	సర్పంచిగా	3.31	3.83
002230150	స్పష్టంచేశాడు	2.67	3.52
002230160	అవకాశాలను	1.25	1.81
002230217	సూచించినట్లుగా	2.58	3.22
002230242	సఖ్యత	1.09	1.47
002230276	ప్రేమగా	1.47	1.87
002230285	షిర్డీ	0.48	0.8
002230356	సంఘీభావంగా	0.92	1.91
002230375	వివాహిత	2.33	2.76
002230384	సరకుల	0.5	0.91
002230384	సరకులను	3.84	4.21
002240041	ఏనుగు	2.21	2.72
002240046	సున్నాకే	4.68	5.15
002240211	స్థలాలు	0.45	0.94
002240252	సంస్ధ	2.7	3.27
002240294	ర్యాగింగ్	0.45	0.89
002240451	ఆదాయపు	0.43	0.86
002250029	సమైక్య	2.45	2.86
002250054	సుశీల్	2.17	2.47
002250066	సింగమనేని	3.54	4.1
002250108	హితువు	2.87	3.1
002250114	సందర్శించింది	3.91	4.74
002250162	సామ్రాజ్యం	1.29	1.97
002250174	వ్యాఖ్యానించలేదు	2.97	3.84
002250219	కొడాలి	0.73	1.08
002250314	సమీకరించడం	3.06	3.55
002250405	చిత్రాంగద	1.84	2.31
002250414	లోతుగా	0.86	1.19
002250478	శ్రమిస్తున్నారు	3.95	4.66
002260052	ధనాన్ని	1.08	1.37
002260132	సిద్ధిపేట	2.57	2.98
002260276	సందర్శకుల	2.74	3.18
002260280	శైలి	2.63	2.88
002260433	పొంగులేటి	0.42	0.8
002260433	పొంగులేటి	3.3	3.61
002260453	సంయుక్తంగా	1.65	2.16
002270013	తక్షణ	1.8	2.12
002270018	చూపిస్తే	3.5	4.13
002270055	హనుమ	2.13	2.6
002270055	హెన్రిక్స్	1.84	2.05
002270071	దళితులను	1.39	1.81
002270071	దళితులను	2.93	3.41
002270226	శాసనసభ్యులను	1.17	1.87
002270235	గూగుల్	1.13	1.4
002270244	సాకుతో	0.6	0.93
002270261	సిడ్నీ	0.46	0.89
002270284	సభతో	0.71	0.99
002270315	ప్రియురాలు	0.44	0.87
002270373	బహుమతులు	2.16	2.57
002270423	సాధించామన్నారు	4.16	5.08
002280050	వ్యాపారంలో	2.57	3.12
002280104	సురక్షిత	2.41	2.92
002280243	న్యూరాన్	2.3	2.97
002280243	భయంకరమైన	0.39	1.33
002280243	భయంకరమైన	4.1	4.99
002280243	మోతార్	1.78	2.3
002280243	వ్యాధికి	3.27	3.68
002280348	ములాయం	0.0	1.06
002280410	సరికాదు	4.04	4.74
002280459	బాగుండు	4.05	4.69
TE0013-TE0015_1-A.107	పెట్టకుండా	0.16	0.57
TE0025-TE0026_1-B.056	కట్టప్ప	0.0	0.41
TE0025-TE0026_2-B.027	అన్నవరం	0.91	1.45
TE0053-TE0054_2-B.297	అంబేద్కర్	0.2	0.64
TE0053-TE0055_2-B.077	సీతాదేవి	3.05	3.66
TE0053-TE0055_2-B.087	రామ	1.71	2.03
TE0053-TE0055_2-B.087	రామ	4.1	4.39
TE0053-TE0055_2-B.098	సుమిత్ర	0.0	0.68
TE0170-TE0172_1-A.271	నలభై	1.06	1.39
TE0389-TE0391_2-B.181	భూమికి	0.04	0.67
TE0405-TE0406_1-B.226	మగ	0.0	0.26
TE0405-TE0407_2-A.423	సేకరించే	1.89	2.59
TE0409-TE0410_1-A.140	గానే	1.42	1.64
TE0409-TE0410_1-A.171	ఆరోగ్యానికి	2.22	2.87
TE0409-TE0410_2-A.130	సిరిపురం	0.06	0.52
TE0409-TE0410_2-A.130	సిరిపురం	1.99	3.11
TE0409-TE0411_2-B.030	బొమ్మలు	0.13	0.85
TE0410-TE0412_2-B.148	ఏకాగ్రత	1.09	1.69
TE0410-TE0412_2-B.148	ఏకాగ్రత	1.69	2.27
TE0413-TE0415_1-A.082	వుంటది	2.51	3.23
TE0415-TE0416_1-B.158	టమాటా	1.2	1.57
TE0415-TE0416_1-B.158	టమాటా	2.42	2.77
TE0415-TE0416_1-B.265	పువ్వు	1.03	1.25
TE0423-TE0424_1-A.267	చెందాలి	1.63	2.19
TE0429-TE0431_1-B.138	సమానమే	1.59	2.1
TE0429-TE0431_2-A.041	అనగా	0.44	0.66
TE0429-TE0431_2-A.199	సదుపాయం	1.19	1.65
TE0430-TE0432_1-A.044	తోటలు	0.59	1.11
TE0430-TE0432_1-A.186	ఇంజనీరింగ్	2.03	2.51
TE0431-TE0432_1-B.101	ఆరోగ్యానికి	0.03	0.75
TE0431-TE0432_1-B.101	ఇష్టపడి	2.89	3.37
TE0431-TE0432_2-A.127	సౌకర్యాలను	1.13	1.82
TE0433-TE0435_1-A.455	ఇష్టపడి	0.21	0.68
TE0433-TE0435_1-A.455	ఇష్టపడి	0.92	1.33
TE0435-TE0436_1-A.053	శిబిరాలు	3.4	3.8
TE0438-TE0440_1-B.126	ఏంటనేది	0.65	1.39
TE0438-TE0440_1-B.126	ఏంటనేది	2.6	3.04
TE0441-TE0443_1-B.066	గిడ్డంకులు	3.01	3.61
TE0441-TE0443_2-B.091	లంచం	0.15	0.57
TE0441-TE0443_2-B.091	లంచం	0.57	0.88
TE0442-TE0444_1-A.249	స్వార్థ	1.45	1.94
TE0442-TE0444_1-B.048	సమానులే	1.58	2.13
TE0442-TE0444_2-A.085	సంస్కృతులు	2.9	3.79
TE0442-TE0444_2-B.080	అన్నవరం	2.71	3.3
TE0442-TE0444_2-B.080	అన్నవరం	3.53	4.24
TE0442-TE0444_2-B.161	సృజనా	1.91	2.25
TE0442-TE0444_2-B.244	జాతర	2.03	2.41
TE0443-TE0444_1-A.019	లంచం	1.88	2.3
TE0443-TE0444_1-B.061	లంచం	0.67	1.04
TE0443-TE0444_1-B.107	లంచం	0.53	0.87
TE0445-TE0446_1-A.416	దయ్యం	0.27	0.6
TE0445-TE0446_2-B.035	వుంటది	1.78	2.33
TE0447-TE0448_1-A.045	వ్యవసాయాన్ని	1.96	2.86
TE0447-TE0448_1-A.045	వ్యవసాయాన్ని	5.9	6.5
TE0447-TE0448_1-A.095	వ్యవసాయాన్ని	1.2	1.84
TE0447-TE0448_1-A.172	సహాయాన్ని	1.32	1.83
TE0447-TE0448_1-A.174	సహాయాన్ని	0.18	0.7
TE0447-TE0448_1-A.174	సహాయాన్ని	2.13	2.6
TE0447-TE0448_2-A.254	గొప్పది	2.38	2.94
TE0449-TE0451_2-B.317	సర్	3.39	3.86
TE0450-TE0452_2-B.407	సుడిగాలి	0.66	1.12
TE0451-TE0452_1-A.253	భీమిలి	0.67	1.07
TE0451-TE0452_1-A.253	భీమిలి	1.12	1.48
TE0451-TE0452_1-A.254	భీమిలి	0.17	0.51
TE0451-TE0452_1-A.266	స్టే	2.1	2.44
TE0451-TE0452_1-A.280	హ్యాపీ	0.1	0.61
TE0455-TE0456_1-A.362	స్నానానికి	0.72	1.23
TE0455-TE0456_1-A.529	జాతర	1.04	1.33
TE0457-TE0458_1-B.147	ముద్దుగా	0.45	0.76
TE0457-TE0458_2-A.166	తక్షణ	0.11	0.52
TE0457-TE0458_2-A.458	వ్యాపారాల	0.46	1.15
TE0462-TE0464_1-B.077	నాగరికత	0.25	0.76
TE0462-TE0464_2-B.114	ముద్దుగా	1.65	1.94
TE0465-TE0466_1-A.087	అనగా	1.77	2.3
TE0469-TE0470_1-B.473	పట్టాలు	0.08	0.44
TE0469-TE0470_1-B.473	పట్టాలు	0.44	0.83
TE0471-TE0472_2-A.294	వొళ్ళు	3.26	3.44
TE0477-TE0479_1-B.122	పెంపు	0.62	1.38
TE0477-TE0479_1-B.122	పెంపు	1.45	1.99
TE0477-TE0479_1-B.122	పెంపు	2.02	2.37
TE0477-TE0479_2-A.225	విదానం	0.09	0.65
TE0479-TE0480_1-A.021	బహుమతులు	0.95	1.52
TE0479-TE0480_1-A.021	బహుమతులు	2.8	3.32
TE0479-TE0480_2-B.188	రాజశేఖర్	2.02	2.56
TE0479-TE0480_2-B.188	రాజశేఖర్	3.17	3.65
TE0481-TE0482_2-B.456	కట్టప్ప	0.42	0.85
TE0481-TE0482_2-B.456	కట్టప్ప	1.49	1.94
TE0481-TE0482_2-B.460	కట్టప్ప	0.06	0.64
TE0481-TE0483_2-A.206	సుఖంగా	3.43	3.85
TE0482-TE0484_2-B.154	రాను	0.58	0.81
TE0485-TE0486_2-A.140	మంచిదా	2.09	2.46
TE0489-TE0490_2-B.029	రాను	0.36	0.8
TE0489-TE0491_2-B.260	బొమ్మలు	3.07	3.48
TE0491-TE0492_1-A.342	ఓక	1.19	1.34
TE0491-TE0492_1-A.342	ఓక	1.66	1.75
TE0494-TE0496_2-A.360	స్వప్నాన్ని	0.0	0.83
TE0495-TE0496_1-A.023	ఇష్టపడి	0.69	1.21
TE0495-TE0496_2-B.107	పొల్యూషన్	1.84	2.43
TE0495-TE0496_2-B.107	సౌండ్	1.41	1.84
TE0497-TE0498_2-B.037	జాతర	3.4	3.73
TE0502-TE0504_1-A.358	కార్డు	0.47	0.74
TE0502-TE0504_1-A.358	కార్డు	1.07	1.3
TE0502-TE0504_1-B.066	కూడదు	2.33	2.64
TE0505-TE0506_1-A.162	మనిషికి	0.2	0.8
TE0505-TE0507_2-A.204	పాట	1.54	1.84
TE0505-TE0507_2-A.204	పాట	3.31	3.69
TE0506-TE0508_2-B.146	కూడదు	2.36	2.7
TE0507-TE0508_1-A.152	ఆలోచించే	0.37	0.88
TE0507-TE0508_1-A.154	కూతుర్ని	1.55	2.13
TE0507-TE0508_1-B.142	కట్నాలు	1.3	1.94
TE0507-TE0508_1-B.185	సరస్వతి	0.1	0.62
TE0507-TE0508_2-A.136	అవుతున్నారు	1.68	2.17
TE0507-TE0508_2-A.136	అవుతున్నారు	3.04	3.55
TE0507-TE0508_2-A.258	ఆలోచించే	2.33	2.75
TE0509-TE0511_2-B.382	పొల్యూషన్	2.12	2.62
TE0510-TE0512_2-B.320	చదువుకోవడం	2.58	3.21
TE0513-TE0515_1-A.221	ఉన్నవి	0.29	0.52
TE0513-TE0515_1-A.221	ఉన్నవి	1.91	2.17
TE0514-TE0516_2-B.076	ఉం	0.42	0.7
TE0514-TE0516_2-B.076	ఉం	1.37	1.66
TE0514-TE0516_2-B.210	ఉండేవారు	2.54	2.91
TE0514-TE0516_2-B.210	మగ	0.35	0.57
TE0517-TE0519_1-A.067	అవుతూనే	0.21	0.78
TE0517-TE0519_1-A.067	అవుతూనే	2.45	2.81
TE0521-TE0522_2-A.070	ప్రదేశంలో	2.26	3.14
TE0521-TE0522_2-A.071	ప్రదేశంలో	3.1	3.69
TE0521-TE0522_2-A.071	ప్రదేశంలో	4.27	4.81
TE0521-TE0522_2-A.110	అభిప్రాయానికి	1.22	1.8
TE0521-TE0522_2-A.110	అభిప్రాయానికి	3.17	3.7
TE0521-TE0523_1-B.026	మనకే	0.88	1.22
TE0523-TE0524_2-B.139	ఉండేవారు	2.13	2.54
TE0523-TE0524_2-B.140	ఉండేవారు	0.58	0.95
TE0523-TE0524_2-B.140	ఉండేవారు	1.74	2.3
TE0523-TE0524_2-B.140	ప్రేమగా	0.09	0.58
TE0523-TE0524_2-B.140	ప్రేమగా	1.33	1.64
TE0523-TE0524_2-B.241	వినట్లేదు	0.16	0.76
TE0523-TE0524_2-B.241	వినట్లేదు	6.09	6.71
TE0527-TE0528_2-B.199	స్వచ్	0.21	0.55
TE0535-TE0536_2-B.301	పడాలి	1.78	2.52
TE0537-TE0539_2-B.051	మొబైల్స్	0.17	0.49
TE0537-TE0539_2-B.051	మొబైల్స్	1.67	2.32
TE0541-TE0542_1-A.357	ఒకేల	0.34	0.75
TE0541-TE0543_2-A.123	బాల	0.09	0.55
TE0541-TE0543_2-A.123	బాల	0.58	1.04
TE0541-TE0543_2-A.123	బాల	1.57	2.22
TE0545-TE0547_2-A.120	పప్పు	3.44	3.74
TE0545-TE0547_2-A.120	పప్పు	4.16	4.44
TE0545-TE0547_2-A.133	జీవితానికి	0.53	1.34
TE0545-TE0547_2-A.133	జీవితానికి	1.93	2.44
TE0545-TE0547_2-A.195	స్థలాలు	2.25	2.72
TE0546-TE0548_1-B.009	శిరీష	0.6	1.41
TE0547-TE0548_1-B.072	కూడదు	1.2	1.51
TE0547-TE0548_1-B.072	కూడదు	2.24	2.58
TE0547-TE0548_1-B.190	జరగాలి	0.75	1.24
TE0547-TE0548_2-A.178	చిన్నప్పుడే	0.16	0.75
TE0547-TE0548_2-B.074	కుటుంబలో	0.89	1.46
TE0547-TE0548_2-B.074	కుటుంబలో	4.59	5.09
TE0549-TE0550_1-A.201	ఆలోచించే	1.27	1.75
TE0549-TE0550_2-A.210	జీవితానికి	1.52	1.98
TE0549-TE0550_2-B.213	ఆహరం	1.76	2.31
TE0549-TE0550_2-B.548	ప్రదేశంలో	1.46	2.16
TE0549-TE0551_2-A.046	సంప్రదాయాలను	1.12	1.91
TE0549-TE0551_2-A.252	పెట్టకుండా	2.37	2.79
TE0549-TE0551_2-B.090	సంప్రదాయంగా	5.88	6.56
TE0551-TE0552_1-A.021	ఉండేవారు	3.98	4.56
TE0557-TE0559_2-A.239	సంపాదించాలి	0.98	1.51
TE0557-TE0559_2-A.239	సంపాదించాలి	3.3	3.92
TE0559-TE0560_1-B.085	గానే	2.0	2.32
TE0566-TE0568_1-B.049	ఆదిత్య	0.15	0.54
TE0566-TE0568_1-B.049	ఆదిత్య	1.4	1.76
TE0569-TE0571_2-B.044	నరకడం	0.66	0.98
TE0569-TE0571_2-B.044	నరకడం	1.01	1.47
TE0570-TE0572_1-A.110	రాను	0.41	0.67
TE0570-TE0572_1-A.110	రాను	0.82	1.61
TE0571-TE0572_2-B.135	సౌమ్య	1.19	2.01
TE0571-TE0572_2-B.181	కట్టప్ప	0.0	0.6
TE0574-TE0576_2-A.035	రక్త	0.08	0.27
TE0574-TE0576_2-A.035	రక్త	0.27	0.42
TE0574-TE0576_2-A.241	సంస్కృతం	0.0	0.64
TE0574-TE0576_2-A.509	తక్షణ	0.15	0.6
TE0574-TE0576_2-A.686	వారసత్వం	5.46	6.23
TE0575-TE0576_2-B.107	సంతల్లో	0.0	0.68
TE0577-TE0578_1-B.234	సూచనలతో	0.0	0.84
TE0578-TE0580_2-B.055	నాగరికత	0.31	0.79
TE0578-TE0580_2-B.055	నాగరికత	1.41	1.96
TE0578-TE0580_2-B.161	బాద్యత	0.66	1.04
TE0579-TE0580_2-A.138	వస్తుందా	0.97	1.36
TE0581-TE0583_2-A.102	చనిపోతే	0.43	0.87
TE0581-TE0583_2-A.102	చనిపోతే	1.24	1.73
TE0583-TE0584_1-A.156	శిక్షను	0.47	0.8
TE0585-TE0586_1-B.217	కాజల్	0.62	1.08
TE0585-TE0586_1-B.217	కాజల్	1.08	1.45
TE0585-TE0587_2-A.154	తీసారు	1.85	2.38
TE0585-TE0587_2-B.073	ఎవరైన	0.22	0.57
TE0587-TE0588_2-A.268	స్థలాలు	0.53	1.1
TE0589-TE0590_2-A.294	తీసారు	1.02	1.47
TE0589-TE0591_1-B.264	స్వామీజీ	0.81	1.34
TE0589-TE0591_2-A.206	అనుకుంటున్నాం	1.05	1.86
TE0593-TE0595_1-B.085	చూపిస్తే	1.21	1.71
TE0593-TE0595_2-B.016	కోరి	0.34	0.54
TE0594-TE0596_2-A.234	స్వచ్	0.0	0.34
TE0595-TE0596_1-B.014	సమాన	2.54	2.88
TE0595-TE0596_1-B.014	స్త్రీలకు	2.1	2.54
TE0601-TE0602_2-A.136	కోరికలు	0.98	2.16
TE0601-TE0602_2-A.137	కోరికలు	0.29	0.68
TE0601-TE0602_2-A.137	కోరికలు	1.59	2.29
TE0601-TE0602_2-A.147	గొప్పది	2.47	2.81
TE0601-TE0602_2-A.147	గొప్పది	3.59	4.09
TE0601-TE0603_1-A.031	స్త్రీలకి	0.55	1.11
TE0601-TE0603_1-B.006	వాట్ల	0.73	1.09
TE0601-TE0603_1-B.006	వాట్ల	3.09	3.42
TE0601-TE0603_2-A.039	వొళ్ళు	2.6	2.83
TE0603-TE0604_2-B.120	ఎక్కువైపోయింది	3.47	4.05
TE0603-TE0604_2-B.120	ఎక్కువైపోయింది	4.41	4.92
TE0605-TE0606_2-B.098	ఉన్నవి	0.59	0.89
TE0606-TE0608_2-A.222	నచ్చదు	0.85	1.42
TE0609-TE0611_1-B.140	స్థిరపడి	0.0	0.63
TE0609-TE0611_2-B.112	మొహం	0.34	0.65
TE0609-TE0611_2-B.132	మనిషికి	5.05	5.4
TE0609-TE0611_2-B.158	చదువుకోవడం	0.41	1.01
TE0609-TE0611_2-B.181	ఏంటనేది	3.79	4.18
TE0613-TE0615_1-B.138	కూతుర్ని	1.24	1.66
TE0613-TE0615_1-B.168	సినిమాకి	2.28	2.77
TE0613-TE0615_1-B.198	సినిమాలకు	2.52	2.93
TE0613-TE0615_2-B.110	వేరుగా	1.27	1.63
TE0615-TE0616_2-A.147	సంతోషాన్ని	3.62	4.23
TE0615-TE0616_2-A.147	సాయమే	2.83	3.3
TE0615-TE0616_2-B.023	అభివృధి	0.8	1.08
TE0617-TE0618_2-B.371	రోజుకో	0.16	0.81
TE0617-TE0618_2-B.371	రోజుకో	1.83	2.74
TE0619-TE0620_2-B.086	ఆలోచించే	1.11	1.75
TE0622-TE0624_2-A.006	గణేష్	0.87	1.21
TE0679-TE0680_2-B.264	చెప్పడమే	0.74	1.22
TE0679-TE0680_2-B.264	చెప్పడమే	2.4	2.82
TE0681-TE0683_2-A.295	చెప్తున్నారా	0.2	0.61
TE0683-TE0684_1-B.197	వేరుగా	1.02	1.4
TE0683-TE0684_1-B.240	గోల	3.24	3.57
TE0683-TE0684_1-B.240	గోల	3.57	3.77
TE0683-TE0684_2-B.143	గోల	2.1	2.41
TE0685-TE0686_2-A.099	ఏదోటి	0.17	0.64
TE0689-TE0690_1-A.249	చూడాలో	1.31	1.77
TE0689-TE0690_2-B.328	జరగాలి	1.41	1.93
TE0690-TE0692_1-A.242	సంపాదించాలి	0.4	1.36
TE0690-TE0692_1-A.242	సంపాదించాలి	2.09	3.07
TE0690-TE0692_1-A.246	అభివృధి	0.63	1.08
TE0690-TE0692_1-A.255	అభివృధి	0.43	0.77
TE0690-TE0692_1-A.255	అభివృధి	2.31	2.63
TE0690-TE0692_1-A.255	చెందాలి	0.77	1.27
TE0690-TE0692_1-A.255	చెందాలి	2.63	3.28
TE0691-TE0692_1-A.041	ఏకాగ్రత	3.29	3.81
TE0691-TE0692_1-B.152	ఎదుగుదల	1.89	2.31
TE0691-TE0692_2-B.207	ఎదుగుదల	1.92	2.45
TE0693-TE0695_1-A.092	తీసారు	0.54	0.92
TE0693-TE0695_1-B.077	మెదడు	0.1	0.51
TE0693-TE0695_2-B.105	రోజుకో	3.47	3.86
TE0697-TE0698_1-B.040	అవుతున్నారు	3.0	3.72
TE0697-TE0698_2-B.227	ప్రదేశానికి	1.25	1.76
TE0698-TE0700_1-A.143	కాజల్	0.22	0.55
TE0698-TE0700_2-A.122	కట్నాలు	1.15	1.78
TE0698-TE0700_2-A.122	కట్నాలు	2.91	3.3
TE0698-TE0700_2-A.124	కట్నాలు	1.95	2.29
TE0699-TE0700_1-A.236	తెచ్చుకొని	1.25	1.76
TE0699-TE0700_1-B.151	అనగా	0.82	1.16
TE0699-TE0700_1-B.151	అనగా	1.81	2.35
TE0699-TE0700_2-A.080	బాద్యత	0.46	0.89
TE0699-TE0700_2-A.128	గోల	1.41	1.82
TE0702-TE0704_2-B.166	సాధించాలి	3.17	3.9
TE0703-TE0704_1-A.097	విషయాల	2.34	2.71
TE0703-TE0704_1-B.217	కూడదు	0.39	0.9
TE0705-TE0706_2-B.058	స్వసంత్రం	0.69	1.17
TE0705-TE0706_2-B.359	తెచ్చుకొని	0.16	0.71
TE0705-TE0706_2-B.415	చెందాలి	1.65	2.09
TE0705-TE0707_1-B.093	కూడదు	1.67	2.1
TE0705-TE0707_2-A.256	సాంప్రదాయం	0.43	1.4
TE0705-TE0707_2-A.283	సాంప్రదాయం	0.25	0.78
TE0706-TE0708_1-A.276	చిన్నప్పుడే	0.13	0.57
TE0706-TE0708_1-A.276	చిన్నప్పుడే	2.99	3.54
TE0706-TE0708_1-B.196	చెప్తున్నారా	3.81	4.55
TE0707-TE0708_1-A.010	ఒకొక్క	0.1	0.41
TE0707-TE0708_1-A.010	ఒకొక్క	1.65	1.92
TE0707-TE0708_1-A.021	నిరక్షరాస్యత	0.44	1.19
TE0707-TE0708_1-A.024	నిరక్షరాస్యత	1.16	1.81
TE0707-TE0708_1-A.024	నిరక్షరాస్యత	2.6	3.29
TE0707-TE0708_1-A.095	స్త్రీలను	1.01	1.46
TE0707-TE0708_1-A.113	గొప్పది	3.05	3.49
TE0707-TE0708_1-B.153	స్త్రీని	4.04	4.49
TE0709-TE0711_2-B.072	ఇటలీ	0.06	0.69
TE0709-TE0711_2-B.072	ఇటలీ	0.72	1.0
TE0710-TE0712_2-A.171	కోరి	1.32	1.53
TE0711-TE0712_2-A.073	మనకే	1.72	2.11
TE0715-TE0716_2-A.033	మనకే	2.97	3.48
TE0717-TE0718_1-A.083	స్నేహానికి	0.03	0.69
TE0717-TE0718_1-A.163	నాక్కూడా	0.04	0.54
TE0717-TE0718_1-A.330	పెద్దది	0.75	1.18
TE0717-TE0718_1-A.348	తరానికి	0.46	0.93
TE0717-TE0718_2-A.134	మెదడు	0.98	1.4
TE0717-TE0718_2-B.186	జీవితానికి	1.78	2.4
TE0717-TE0719_1-A.306	పడాలి	1.21	1.55
TE0717-TE0719_1-A.306	శ్రమ	0.67	1.01
TE0717-TE0719_1-A.306	శ్రమ	4.22	4.59
TE0717-TE0719_1-A.340	మనకెందుకు	0.94	1.53
TE0718-TE0720_2-A.144	స్నేహితురాలు	0.66	1.23
TE0718-TE0720_2-A.216	గానే	1.17	1.67
TE0719-TE0720_1-B.053	చదివాను	1.15	1.66
TE0722-TE0724_1-B.038	వొళ్ళు	0.52	0.67
TE0722-TE0724_1-B.038	వొళ్ళు	2.29	2.61
TE0725-TE0726_2-A.050	జరగాలి	0.9	1.4
TE0725-TE0726_2-A.050	జరగాలి	3.17	3.74
TE0725-TE0727_2-B.188	శరీరానికి	1.72	2.42
TE0725-TE0727_2-B.209	శరీరాన్ని	0.57	1.19
TE0725-TE0727_2-B.244	మెదడు	0.1	0.58
TE0725-TE0727_2-B.244	మెదడు	0.61	1.04
TE0726-TE0728_1-B.282	డబ్బుకి	3.72	4.02
TE0727-TE0728_2-B.375	శేఖర్	0.04	0.42
TE0729-TE0731_1-B.062	పుడితే	3.03	3.61
TE0733-TE0735_1-B.100	సంఘటనల	3.02	3.52
TE0733-TE0735_1-B.115	స్నేహితుడే	0.26	0.87
TE0735-TE0736_2-A.035	ఒప్పుకుంటారు	3.36	3.79
TE0735-TE0736_2-B.165	స్వార్ధం	2.37	2.87
TE0737-TE0739_2-B.029	కోల్పోతారు	1.82	2.55
TE0737-TE0739_2-B.029	కోల్పోతారు	3.24	4.02
TE0737-TE0739_2-B.180	బ్రతకడం	1.02	2.14
TE0737-TE0739_2-B.235	సందర్బాలు	2.36	2.91
TE0737-TE0739_2-B.244	ఒప్పుకుంటారు	3.41	3.97
TE0739-TE0740_2-B.098	స్కూల్	1.04	1.44
TE0741-TE0742_2-B.086	సంపాదించాలి	2.32	3.23
TE0741-TE0742_2-B.164	జరగాలి	0.0	0.49
TE0741-TE0742_2-B.263	మనిషికి	1.4	2.05
TE0741-TE0742_2-B.332	సమస్తలు	1.09	1.47
TE0742-TE0744_1-A.403	ప్రదేశానికి	1.56	2.33
TE0742-TE0744_2-A.022	బొమ్మలు	3.95	4.53
TE0742-TE0744_2-B.057	బొమ్మలు	0.0	0.51
TE0742-TE0744_2-B.057	బొమ్మలు	1.33	2.12
TE0743-TE0744_1-A.245	సమర్దులా	1.38	2.02
TE0743-TE0744_2-B.318	వేరుగా	1.08	1.44
TE0745-TE0746_2-B.007	సమస్యల్లో	1.98	3.05
TE0745-TE0746_2-B.159	వర్ష	2.28	2.58
TE0745-TE0747_2-B.094	డబ్బుకి	0.0	0.63
TE0745-TE0747_2-B.095	డబ్బుకి	0.39	0.88
TE0746-TE0748_1-A.306	సబ్యులు	0.56	0.82
TE0746-TE0748_1-A.378	ప్రదేశానికి	0.16	0.69
TE0746-TE0748_1-A.378	ప్రదేశానికి	1.18	1.62
TE0747-TE0748_1-A.187	అవుతున్నారు	0.87	1.39
TE0747-TE0748_2-A.122	సరింగా	1.06	1.49
TE0749-TE0750_1-B.290	నలభై	0.69	1.05
TE0749-TE0751_1-A.123	నలభై	2.13	2.47
TE0749-TE0751_1-A.162	వస్త్ర	0.1	0.42
TE0749-TE0751_1-A.162	వస్త్ర	0.96	1.25
TE0749-TE0751_1-A.204	వస్త్ర	0.24	0.54
TE0749-TE0751_2-B.454	ఏంటనేది	2.48	2.89
TE0755-TE0756_1-B.168	కీటకాలు	0.58	1.26
TE0755-TE0756_1-B.168	కీటకాలు	2.16	2.76
TE0757-TE0759_1-A.162	బాగుండు	1.16	1.51
TE0757-TE0759_1-B.061	వాడితే	2.03	2.33
TE0757-TE0759_1-B.061	వాడితే	3.05	3.31
TE0758-TE0760_1-B.093	స్వచ్	0.0	0.37
TE0758-TE0760_2-B.155	మనకే	0.77	1.55
TE0758-TE0760_2-B.278	గనక	1.51	1.88
TE0759-TE0760_2-B.117	అబ్బాయిలకు	0.68	1.28
TE0759-TE0760_2-B.117	అబ్బాయిలకు	1.99	2.51
TE0765-TE0766_2-B.298	సంపాదించుకోవాలి	1.83	2.57
TE0766-TE0768_1-B.160	కోరి	0.38	0.65
TE0769-TE0770_1-A.004	జన్మించాడు	1.91	2.6
TE0769-TE0770_1-A.313	జన్మించాడు	1.07	1.66
TE0769-TE0770_1-A.313	జన్మించాడు	3.59	4.3
TE0769-TE0770_2-B.035	లండన్	0.19	0.57
TE0769-TE0770_2-B.040	జన్మించారు	0.91	1.93
TE0769-TE0770_2-B.040	జన్మించారు	3.71	4.32
TE0769-TE0770_2-B.044	సభ్య	2.37	2.76
TE0769-TE0770_2-B.317	హరిలాల్	1.22	1.68
TE0770-TE0772_1-B.081	పండుగా	1.36	1.91
TE0770-TE0772_1-B.081	పండుగా	5.71	6.21
TE0771-TE0772_1-A.412	పండగా	3.53	4.02
TE0771-TE0772_1-A.412	పండగా	4.84	5.24
TE0771-TE0772_1-B.047	చెప్తున్నారా	2.29	2.68
TE0771-TE0772_2-B.071	హలీం	2.35	2.79
TE0771-TE0772_2-B.109	ఒళ్లు	0.77	1.02
TE0771-TE0772_2-B.109	ఒళ్లు	2.64	2.95
TE0771-TE0772_2-B.139	పండుగా	4.66	5.04
TE0773-TE0775_2-A.273	గనక	0.61	0.81
TE0774-TE0776_1-A.293	సమంతా	0.21	0.84
TE0774-TE0776_1-A.293	సమంతా	0.88	1.3
TE0774-TE0776_2-A.053	బైబులు	2.09	2.42
TE0775-TE0776_1-A.051	వర్ష	1.16	1.46
TE0775-TE0776_1-A.051	వర్ష	2.38	2.65
TE0778-TE0780_1-B.003	సంధ్య	0.4	0.77
TE0778-TE0780_1-B.087	వొళ్ళు	2.37	2.55
TE0779-TE0780_1-A.114	అద్దాలతో	0.08	0.7
TE0779-TE0780_1-A.114	అద్దాలతో	1.22	1.83
TE0779-TE0780_2-B.389	పప్పు	1.25	1.86
TE0781-TE0783_1-B.135	అన్నవరం	0.41	1.0
TE0781-TE0783_1-B.135	అన్నవరం	1.58	2.0
TE0781-TE0783_1-B.163	సందిగ్దం	4.05	4.59
TE0781-TE0783_1-B.351	రాను	1.82	2.3
TE0781-TE0783_2-B.363	బాల	0.0	0.31
TE0781-TE0783_2-B.442	సుస్థిర	1.17	1.76
TE0783-TE0784_1-A.092	శరీరం	1.02	1.58
TE0783-TE0784_2-A.154	ఆటను	2.34	2.79
TE0783-TE0784_2-A.198	ఆహరం	1.25	1.99
TE0785-TE0786_1-A.064	ఆదిత్య	0.79	1.14
TE0785-TE0786_1-A.094	ఆదిత్య	2.2	2.55
TE0785-TE0786_2-A.178	స్పూర్తి	0.93	1.33
TE0785-TE0786_2-A.178	స్పూర్తి	2.16	2.52
TE0786-TE0788_2-A.380	కాశ్మీర్	0.87	1.31
TE0786-TE0788_2-A.380	కాశ్మీర్	2.59	2.97
TE0787-TE0788_2-B.173	సతి	0.99	1.23
TE0787-TE0788_2-B.347	సత్యభామ	1.89	2.38
TE0791-TE0792_2-A.206	స్వచ్	2.02	2.42
TE0791-TE0792_2-A.262	కూతుర్ని	3.09	3.55
TE0791-TE0792_2-A.262	కూతుర్ని	4.82	5.22
TE0793-TE0794_1-B.085	ఐకాస	0.93	1.47
TE0793-TE0794_2-A.314	బోయపాటి	0.0	0.61
TE0793-TE0794_2-A.473	స్వరాలు	0.67	1.09
TE0793-TE0794_2-A.484	దయ్యం	1.0	1.32
TE0793-TE0795_1-B.147	రామ	0.64	0.92
TE0794-TE0796_1-A.255	చదువుకోవడం	1.42	1.87
TE0794-TE0796_1-A.255	చదువుకోవడం	3.16	3.6
TE0797-TE0798_1-A.234	సవాళ్ళు	1.67	2.16
TE0797-TE0798_1-A.248	సహజంగానే	0.58	1.21
TE0797-TE0798_1-A.307	అవకాశాలను	2.18	3.06
TE0797-TE0798_1-A.320	సేవల	0.07	0.52
TE0797-TE0798_1-A.369	సగటున	0.1	0.55
TE0797-TE0798_2-B.185	ఉన్నవి	0.1	0.57
TE0797-TE0798_2-B.185	ఉన్నవి	0.57	0.95
TE0798-TE0800_1-A.237	హిందూపురానికి	3.25	3.97
TE0798-TE0800_1-A.245	సంపాదించేందుకు	0.94	1.74
TE0798-TE0800_2-B.020	ఆహరం	0.68	1.14
TE0798-TE0800_2-B.020	సరైనా	0.21	0.68
TE0799-TE0800_1-B.355	వస్తుందా	5.05	5.48
TE0799-TE0800_2-B.078	స్వేచ్చ	4.41	4.94
TE1997-TE1998_1-A.014	స్ధాయి	0.23	0.66
TE1997-TE1998_2-A.206	గనక	3.38	3.79
TE1997-TE1998_2-A.206	గనక	5.08	5.5
TE1999-TE2000_1-A.008	పెద్దది	0.8	1.25
TE1999-TE2000_1-A.199	ఆత్మలు	0.21	0.9
TE1999-TE2000_1-A.368	చనిపోతే	0.23	0.98
TE2001-TE2002_1-A.094	విదానం	1.52	1.84
TE2001-TE2002_1-A.319	పెరుగుతూ	1.11	1.53
TE2001-TE2002_1-A.319	పెరుగుతూ	1.53	2.12
TE2001-TE2002_2-B.091	ఎదుగుదల	0.06	0.55
TE2001-TE2002_2-B.091	ఎదుగుదల	1.73	2.18
TE2001-TE2002_2-B.251	వాడితే	2.13	2.91
TE2001-TE2003_1-A.095	ప్రదేశంలో	0.76	1.28
TE2001-TE2003_1-A.096	ప్రదేశానికి	1.9	2.47
TE2001-TE2003_1-A.096	సందర్బాల్లో	3.83	4.44
TE2001-TE2003_1-A.107	విదానం	2.4	2.8
TE2001-TE2003_1-A.107	విదానం	4.77	5.13
TE2002-TE2004_1-B.125	గనక	4.9	5.33
TE2002-TE2004_1-B.140	గనక	1.45	1.84
TE2002-TE2004_2-B.250	చదువుకోవడం	0.81	1.32
TE2003-TE2004_2-B.004	అవుతున్నారు	1.43	1.99
TE2005-TE2007_2-A.446	మగ	0.66	1.05
TE2005-TE2007_2-A.446	మగ	1.12	1.53
TE2006-TE2008_2-B.107	బొమ్మలు	1.84	2.37
TE2007-TE2008_1-A.129	సంవశ్రం	0.65	1.28
TE2007-TE2008_2-B.215	ఇలాగె	0.38	0.71
TE2007-TE2008_2-B.215	ఇలాగె	1.28	1.54
TE2009-TE2010_1-A.198	తోటలు	0.39	0.63
TE2009-TE2010_1-A.198	తోటలు	0.92	1.24
TE2009-TE2010_2-A.106	పడాలి	1.12	1.43
TE2009-TE2010_2-A.181	సరిహద్దుల్లో	3.68	4.32
TE2009-TE2011_2-B.076	సంపాదించాలి	0.49	1.21
TE2010-TE2012_2-B.073	సంగతే	1.1	1.57
TE2010-TE2012_2-B.207	పువ్వు	2.17	2.43
TE2397-TE2398_1-B.491	పెద్దది	0.22	0.46
TE2397-TE2398_1-B.491	పెద్దది	0.82	1.26
TE2398-TE2400_1-A.218	ఒప్పుకుంటారు	0.41	0.88
TE2398-TE2400_1-A.218	ఒప్పుకుంటారు	1.27	1.66
TE2401-TE2402_2-A.109	చెప్పాలా	1.18	1.66
TE2401-TE2402_2-A.109	చెప్పాలా	2.5	3.03
TE2403-TE2404_2-A.166	స్వచ్	0.07	0.4
TE2403-TE2404_2-A.392	మనకే	3.21	3.6
TE2403-TE2404_2-B.265	జియో	0.15	0.54
TE2403-TE2404_2-B.265	జియో	1.4	1.64
TE2405-TE2406_2-B.056	బాగుంటాది	0.76	1.27
TE2406-TE2408_1-A.146	ఆరోగ్యానికి	1.37	1.79
TE2406-TE2408_1-A.163	నరకడం	1.7	2.04
TE2406-TE2408_1-B.074	పెరుగుతూ	0.9	1.36
TE2406-TE2408_2-A.084	అన్నవరం	0.03	0.55
TE2406-TE2408_2-B.025	స్తంభాల	1.09	1.49
TE2407-TE2408_2-B.168	చిన్నప్పుడే	0.04	0.47
TE4005-TE4007_2-B.303	పెరుగుతూ	3.01	3.58
TE4006-TE4008_2-B.161	పెట్టకుండా	2.56	3.28
TE4006-TE4008_2-B.161	పెట్టకుండా	4.26	4.7
TE4007-TE4008_1-B.139	ఇష్టపడి	0.67	1.08
TE4009-TE4010_1-B.006	నచ్చదు	1.24	1.62
TE4009-TE4011_1-A.209	సంపాదించి	0.56	1.25
TE4009-TE4011_2-A.186	బ్రతకడం	2.47	2.82
TE4010-TE4012_1-A.041	రక్త	0.64	0.94
TE4010-TE4012_1-B.045	రక్త	0.44	0.77
TE4010-TE4012_1-B.049	రక్త	0.24	0.55
TE4010-TE4012_1-B.069	చెప్పాలా	0.88	1.28
TE4010-TE4012_1-B.170	పాట	0.76	1.15
TE4010-TE4012_2-B.116	వేయ	0.2	0.47
TE4010-TE4012_2-B.143	వేయ	0.71	0.89
TE4010-TE4012_2-B.143	వేయ	2.08	2.34
TE4011-TE4012_2-B.027	బాగుందా	0.27	1.1
TE4013-TE4015_2-B.010	కోల్పోతారు	1.7	2.48
TE4015-TE4016_1-A.115	పెద్దది	1.34	1.76
TE4017-TE4018_1-A.142	కోరికలు	1.29	1.67
TE4017-TE4019_1-B.396	కాజల్	0.31	0.7
TE4017-TE4019_2-B.228	సంవత్సరానికి	2.84	3.41
TE4018-TE4020_2-B.167	వుంటది	0.4	0.71
TE4018-TE4020_2-B.167	వుంటది	2.41	2.69
TE4019-TE4020_1-A.065	వేరుగా	0.74	1.11
TE4019-TE4020_1-A.065	వేరుగా	2.22	2.58
TE4021-TE4022_1-B.049	తప్పే	1.26	1.55
TE4021-TE4022_2-A.079	హింసించడం	1.31	1.82
TE4021-TE4023_2-A.047	పధకం	1.45	1.82
TE4021-TE4023_2-A.047	పధకం	2.67	2.95
TE4025-TE4027_1-A.167	శివున్ని	0.35	0.72
TE4030-TE4032_1-B.379	తెలిసిపోయిద్ది	3.18	3.67
TE4031-TE4032_1-B.243	గోల	0.49	0.77
TE4031-TE4032_2-A.008	ఎళ్ళాను	1.36	1.69
TE4031-TE4032_2-A.008	ఎళ్ళాను	4.23	4.72
TE4031-TE4032_2-A.008	ప్రదేశానికి	3.61	4.23
TE4034-TE4036_1-A.055	పాలక్	2.4	2.83
TE4034-TE4036_1-B.035	బాగుంటాది	2.11	2.54
TE4034-TE4036_2-A.119	సంపత్తి	0.67	1.18
TE4037-TE4039_1-B.270	ఆహరం	2.97	3.44
TE4037-TE4039_1-B.270	ఆహరం	4.1	4.3
TE4038-TE4040_2-B.346	కోరి	0.44	0.67
TE4038-TE4040_2-B.346	కోరి	1.61	1.99
TE4039-TE4040_1-B.227	శతం	1.27	1.72
TE4039-TE4040_1-B.230	ముద్దుగా	0.85	1.33
TE4039-TE4040_2-A.221	సహజం	2.65	3.13
TE4042-TE4044_1-B.089	లండన్	1.43	1.73
TE4045-TE4046_1-B.092	నచ్చదు	3.51	3.85
TE4045-TE4046_2-B.143	ఇట్ల	1.15	1.4
TE4045-TE4046_2-B.143	ఇట్ల	3.85	4.04
TE4045-TE4046_2-B.143	ఇట్ల	5.03	5.25
TE4045-TE4047_1-A.118	బాద్యత	3.48	3.9
TE4045-TE4047_1-A.118	బాద్యత	4.68	5.11
TE4045-TE4047_2-A.026	ఆహ్లాదకరమైన	1.88	2.66
TE4045-TE4047_2-B.194	మాట్లాడుకోవాలి	2.37	3.08
TE4045-TE4047_2-B.194	మాట్లాడుకోవాలి	4.34	5.08
TE4045-TE4047_2-B.277	సీతాదేవి	1.27	1.73
TE4046-TE4048_2-B.192	ఏనుగు	1.03	1.41
TE4046-TE4048_2-B.192	ఏనుగు	1.94	2.5
TE4047-TE4048_2-A.138	భయంకరమైన	0.63	1.34
TE4047-TE4048_2-A.146	గానే	1.45	1.87
TE4047-TE4048_2-A.146	గానే	2.96	3.12
TE4047-TE4048_2-B.085	ప్రదేశంలో	0.53	1.18
TE4047-TE4048_2-B.145	సునామీలు	2.33	3.07
TE4049-TE4050_1-B.235	సంప్రదాయంలో	3.25	4.21
TE4049-TE4050_2-B.015	పాలక్	1.11	1.44
TE4049-TE4050_2-B.015	పాలక్	2.22	2.6
TE4049-TE4051_2-A.119	చంపడం	1.08	1.64
TE4049-TE4051_2-A.119	చంపడం	2.48	2.95
TE4049-TE4051_2-B.052	తీసారు	2.71	3.15
TE4049-TE4051_2-B.052	తీసారు	3.92	4.28
TE4050-TE4052_2-B.114	నలభై	0.21	0.64
TE4050-TE4052_2-B.114	నలభై	2.58	2.92
TE4050-TE4052_2-B.114	పైబడిన	1.14	1.66
TE4050-TE4052_2-B.114	పైబడిన	3.32	3.85
TE4051-TE4052_1-A.046	సంపాదిస్తేనే	2.15	3.4
TE4051-TE4052_1-A.049	ముగ్గురికి	1.37	1.9
TE4051-TE4052_2-B.017	వాళ్ళేం	2.11	2.54
TE4053-TE4054_1-B.164	ఏదోటి	1.79	2.21
TE4053-TE4054_2-A.070	కాపురం	2.58	2.94
TE4053-TE4054_2-A.154	సమయమని	4.26	4.88
TE4053-TE4055_2-B.107	ఇట్ల	0.72	0.96
TE4054-TE4056_1-A.129	ఆగండి	1.73	2.33
TE4054-TE4056_1-B.116	బాస్మతి	0.19	0.71
TE4054-TE4056_1-B.116	బాస్మతి	2.77	3.23
TE4054-TE4056_1-B.129	బాస్మతి	0.08	0.62
TE4054-TE4056_1-B.135	నూనె	0.89	1.12
TE4054-TE4056_1-B.135	నూనె	1.76	2.01
TE4055-TE4056_1-A.075	సంగీతానికి	0.19	1.0
TE4055-TE4056_2-A.047	పరుగు	0.11	0.41
TE4055-TE4056_2-A.047	పరుగు	1.55	1.88
TE4055-TE4056_2-B.046	మెడల్	0.39	0.66
TE4055-TE4056_2-B.166	సాదించి	1.32	2.12
TE4055-TE4056_2-B.211	మాత్రాన	4.19	4.58
TE4055-TE4056_2-B.238	ప్రభు	0.35	0.6
TE4057-TE4059_1-A.188	బాగుందా	0.23	0.76
TE4057-TE4059_1-B.044	బాగుందా	0.32	0.9
TE4058-TE4060_1-B.132	ప్రేమగా	3.21	3.63
TE4058-TE4060_1-B.132	ప్రేమగా	4.88	5.28
TE4058-TE4060_2-B.140	పెట్టెలు	0.99	1.27
TE4058-TE4060_2-B.140	పెట్టెలు	1.27	1.55
TE4059-TE4060_1-B.160	హాస్యం	0.33	1.0
TE4061-TE4062_2-B.220	సామాన్యమైన	2.57	3.19
TE4061-TE4063_1-B.022	సాయ	4.38	4.68
TE4061-TE4063_2-B.128	పాట	1.69	2.08
TE4062-TE4064_2-A.216	ఎందుకండి	0.15	0.73
TE4062-TE4064_2-A.216	ఎందుకండి	1.06	1.52
TE4063-TE4064_1-B.077	చెప్పాలా	1.77	2.43
TE4063-TE4064_1-B.189	పువ్వు	0.55	0.76
TE4063-TE4064_1-B.189	పువ్వు	2.77	3.14
TE4063-TE4064_2-A.025	ఉండేవాళ్ళు	2.18	2.71
TE4063-TE4064_2-A.025	ఉండేవాళ్ళు	3.45	3.94
TE4410-TE4412_1-A.075	ఆలోచించే	1.43	1.9
TE4410-TE4412_1-A.075	ఆలోచించే	3.45	3.91
TE4410-TE4412_1-A.075	లోతుగా	0.98	1.43
TE4410-TE4412_1-A.075	లోతుగా	3.02	3.45
TE4410-TE4412_1-A.075	విదానం	1.9	2.45
TE4410-TE4412_1-A.232	ప్రేమించాలి	0.92	1.8
TE4410-TE4412_1-A.232	ప్రేమించాలి	2.58	3.4
TE4410-TE4412_2-B.209	లండన్	0.91	1.26
TE4410-TE4412_2-B.209	లండన్	3.17	3.51
TE4411-TE4412_1-B.087	అనుకుంటున్నాం	1.77	2.37
TE4411-TE4412_2-A.245	జాతర	0.45	0.94
TE4411-TE4412_2-A.245	జాతర	1.78	2.24
TE4411-TE4412_2-B.049	పడాలి	0.73	1.1
TE4411-TE4412_2-B.049	పడాలి	1.1	1.48
TE4411-TE4412_2-B.049	పడాలి	1.48	1.93
TE4425-TE4426_2-B.311	జేసి	2.48	2.71
TE4425-TE4426_2-B.311	జేసి	3.17	3.37
TE4429-TE4431_2-B.036	సమోసా	0.21	0.59
TE4430-TE4432_1-B.033	సంజు	2.57	3.36
TE4431-TE4432_2-A.077	పుడితే	0.63	1.17
TE4431-TE4432_2-A.077	పుడితే	3.71	4.12
