000350215
000450342
000150356
001520468
000030488
000130105
000470071
001560126
000110219
000560410
TA0553-TA0555_2-B.059
TA0410-TA0412_2-A.099
000400241
000880226
001600278
000110150
000520205
001200432
000370126
000510466
TA0411-TA0412_2-B.030
000120208
001360345
000080386
000110494
000380294
002190033
000270288
TA0678-TA0680_2-B.078
001420015
000360299
000130114
000330135
000330231
000550358
000890057
000150321
000540139
000540193
001500386
000030429
TA0490-TA0492_2-B.231
000390323
001230223
TA0393-TA0395_1-A.223
001920177
001540226
000400485
001250344
000110320
001920385
TA0554-TA0556_1-B.121
001270233
000460316
000510121
000390410
000020266
000150246
000540249
TA0721-TA0723_2-A.400
000870231
000180449
001280154
002210236
002210283
TA0605-TA0607_2-A.159
000870345
000210243
001400187
TA0359-TA0360_2-A.031
000120381
000280390
002350311
000510046
TA0329-TA0331_1-B.371
001400157
000560089
001230457
000270024
000150166
TA0371-TA0372_1-B.213
000530231
000460402
001270400
001250191
000050367
001170315
001360032
TA0650-TA0652_1-A.020
001220042
000470497
000450165
000360098
001200373
001780144
001250126
000540318
000120486
001530341
000400058
000240122
000110009
001250351
000050490
001540196
TA0479-TA0480_2-B.040
000120136
000440395
000510339
000110091
000380276
001370390
001540192
000370117
000460302
000450075
000020022
001560489
000490065
000120411
001380411
000280134
000180235
000300181
001540397
000440060
000210390
000270144
000050026
001360471
001450493
001520430
001610233
000220009
000360202
000150017
TA0358-TA0360_1-A.078
001190357
001530324
001270004
001230051
000030263
000550335
000530148
001290226
TA0394-TA0396_2-B.243
TA0321-TA0323_2-B.022
TA0326-TA0328_2-A.317
000050163
000500453
000110337
000470330
000170353
000130050
000050436
000310087
000320201
000330379
000380456
000280238
000450468
001290261
TA0413-TA0414_1-A.191
TA0389-TA0390_2-B.085
000280216
000370096
000140368
TA0431-TA0432_2-B.098
001920100
000110148
001300313
001320034
000180106
000880452
000110306
000150472
000170252
000360001
000020149
000530102
TA0343-TA0344_1-B.050
TA0503-TA0504_1-A.065
TA0639-TA0640_2-A.276
001200230
001600468
TA0643-TA0644_2-A.343
000030114
TA0325-TA0326_1-B.366
001380247
TA0337-TA0338_2-B.094
000110170
000530384
001520490
000150470
001640302
000210086
000200154
000870461
000360378
000280124
000510358
001610117
000540363
000280405
000510298
000170414
001360313
000240390
000150316
000020054
000120365
001200203
001730273
000130178
000500470
000120426
000370391
TA0554-TA0556_2-B.217
TA0458-TA0460_2-A.134
TA0417-TA0418_1-B.013
000320228
TA0375-TA0376_2-B.146
002300117
TA0347-TA0348_1-A.150
TA0363-TA0364_2-B.298
000140201
000400122
000520185
001530258
000360041
001500024
001540288
TA0482-TA0484_2-A.214
000110389
000120095
000390438
000450164
000510182
001370087
001520148
TA0326-TA0328_2-A.257
TA0363-TA0364_2-A.277
001600480
000150069
000320386
000380134
000270049
000050153
001210130
001250264
000470384
000020101
000130127
000560293
000110102
000440336
001750446
000360090
000380404
002180059
TA0451-TA0452_2-B.030
000110380
000470426
000230125
000050059
001530465
TA0551-TA0552_2-A.023
000500370
000240490
000450282
001620265
TA0393-TA0395_1-B.013
002350334
000510153
000540029
001720220
001780106
000380248
000560042
000110133
TA0323-TA0324_2-A.093
001600403
000020499
000370481
001460165
000210095
000350094
002030319
000160282
000310493
000270223
000300066
000460218
000440374
000210038
000050395
000320103
001980149
000270423
000450103
002090407
000880155
000460088
000170043
000140374
TA0517-TA0519_2-B.402
001570030
000550289
000520464
000320337
000240159
001280010
000240207
000110070
000520398
000550227
000280463
001520235
001780328
001230242
000880105
001200307
000130375
000450223
001790341
000890278
000120213
001200492
000400116
TA0614-TA0616_2-A.262
001730304
000550417
TA0353-TA0354_2-B.059
000220147
000540020
001370380
000870243
001250250
000440199
000330081
000510398
001540275
000050363
001360121
000300001
000050216
000870083
002210279
000140138
000460295
000500357
001230128
001370241
000220449
002040464
001740476
000470079
000490126
001360211
TA0370-TA0372_2-B.072
000300349
000390208
TA0633-TA0634_1-A.049
000350097
001210323
000150216
001230255
001240246
001240188
001530157
000240441
000160187
TA0326-TA0328_2-A.088
000490466
001380350
000520364
000110373
001770148
000390305
001560187
000050241
000870164
000520164
TA0329-TA0330_1-A.020
000490016
TA0447-TA0448_2-A.041
000020163
001290110
000140119
001200473
000870339
000020151
000460481
000550474
000150199
001220038
000150339
001620485
002300364
000110200
000120296
001460419
000280478
000030486
000200239
000080121
000150068
000220427
000400500
001530181
001290367
001530500
001560495
001730074
000390145
TA0395-TA0396_1-A.249
000870233
001320295
001220255
001290026
000520188
000470490
001410269
002310412
000350407
000140209
000110266
001730498
000110312
000230469
000190429
002030447
000880175
001960087
TA0614-TA0616_1-B.210
000160432
000490274
001700162
000440102
001780093
000390055
TA0326-TA0328_1-A.233
000170157
000500451
000550095
000110499
001360271
000190328
000220234
000220253
TA0333-TA0335_1-B.092
000380302
000350136
000520355
000440143
001410240
001940339
TA0505-TA0506_2-B.241
TA0413-TA0415_1-A.064
000880323
000110075
000450051
000330052
001620053
001980196
000400391
000030494
000540197
000080272
000450485
000880255
000180086
001770049
000510093
000440466
000270205
002250412
001270486
000140163
000350032
001290452
000240331
000320187
001230125
000390265
000470012
001530358
000400229
TA0549-TA0551_2-B.240
000170254
000320172
000350332
000160489
000530284
000510190
000890407
000160354
000540120
001790242
002310398
001170405
000880494
000310373
001940493
TA0413-TA0415_2-B.012
000330288
000170120
002190374
000210470
000300267
001290092
001520118
TA0489-TA0491_1-B.048
000560265
000870391
TA0585-TA0587_2-B.254
000350040
000560472
000160465
TA0363-TA0364_2-A.251
000520475
001380473
000880204
000400436
000500390
000050287
001220258
000050108
000050496
002190078
000560408
001790217
TA0466-TA0468_2-B.074
TA0633-TA0634_1-A.073
000870271
001320292
001320187
000490307
001360268
000880188
001520113
000130333
001570319
001540223
001230471
001250440
001230323
TA0326-TA0328_2-A.202
000380124
000140283
TA0398-TA0400_1-A.133
000160290
000500008
000150152
001270467
001520217
000110311
000170346
001290442
001630314
000330064
001740324
000540428
000360258
000530097
000270113
TA0585-TA0587_2-B.139
000280080
000020115
001290427
000880450
000400441
000360256
000140023
000080305
000170193
TA0363-TA0364_2-A.104
000390099
000160228
002010122
001230361
000270381
TA0574-TA0576_1-A.094
001600166
000890341
000370381
001980400
000400086
001250207
000510235
000050245
000310310
000450249
000550185
000560097
001250450
TA0415-TA0416_1-B.133
000080255
000170462
000470481
000450029
000550393
001640234
000370151
000280435
001640081
000350209
000470349
000020177
000510221
001540021
001500125
TA0326-TA0328_1-A.254
000520365
001300090
000120232
000350222
001610093
TA0689-TA0691_1-A.041
000550022
000160385
000500321
001230319
000870246
001750469
001740443
002090217
000330298
000030048
000150319
TA0523-TA0524_2-A.097
000270344
001400328
TA0766-TA0768_2-A.121
000460056
001410120
TA0353-TA0355_2-A.252
TA0483-TA0484_1-B.005
000320105
TA0681-TA0682_1-A.084
001520185
000140175
000310409
000540096
000280417
002030467
TA0555-TA0556_2-B.178
001940037
001210264
TA0361-TA0363_2-B.150
000130106
001560481
000050485
000870363
001530290
000530220
001280463
000560125
000450118
000870433
001220334
001380173
000530294
000540199
000270025
001920160
001730066
001230066
001450250
000520286
001610124
000080336
001540273
000280367
000170452
000210325
000300153
TA0775-TA0776_2-B.010
000490330
TA0410-TA0412_1-A.337
001200459
002010078
000050374
001450096
000350182
000440198
TA0657-TA0659_1-A.131
000380385
001520488
001570310
001740409
001360033
000220299
001600177
TA0323-TA0324_2-A.035
000110319
000470179
001300142
000130094
000890445
000500356
TA0406-TA0408_2-A.222
000350160
001270429
001370099
001270269
000160323
000380455
TA0574-TA0576_1-A.119
000160459
000280500
000310126
001290015
002210436
001520462
001790307
000240238
000880263
000500209
000020200
000310063
000880146
000880153
001570500
000380223
000500218
000400240
001600499
TA0413-TA0414_1-A.102
TA0585-TA0587_2-B.158
000310073
000390349
001410276
TA0554-TA0556_1-B.015
000050155
TA0463-TA0464_2-A.058
001290309
000210344
000400181
000320161
000890159
001210259
001360183
000450473
000160193
001420249
001460357
000380197
000120441
000020315
000370486
000390187
TA0461-TA0463_2-B.229
TA0549-TA0551_2-B.139
000140241
000540225
002040013
000510133
000280388
001500085
000500230
000020356
TA0374-TA0376_2-B.143
000400368
000330117
TA0481-TA0482_2-B.119
000360083
TA0341-TA0343_1-B.377
002180235
000510161
000330155
000310303
000230154
000500372
001920163
000170468
001230069
000140109
000140304
000540257
TA0538-TA0540_1-A.075
000180176
TA0327-TA0328_2-A.030
000240240
000890106
001210071
000380148
000380466
000530217
000890364
000080320
001240351
001380470
000110239
000350070
000870081
001570241
000240389
000050355
000130308
000270346
000130056
000310033
000560141
000380273
000190482
000870456
000080413
001560394
001530411
000450157
000140458
000550069
001220485
001230224
000110221
001730419
000470189
001230321
000380299
001540159
000880418
000120026
000050074
000270196
001240182
000110139
000450184
001210358
000240384
000450238
001210001
000030382
TA0466-TA0468_1-B.211
000120399
TA0583-TA0584_2-A.396
000440279
000540357
TA0511-TA0512_2-A.006
001630364
000120347
000170198
000020166
002210458
001360143
000030221
000280195
000020095
000540216
000400341
002240086
000360222
000460228
000540109
001300290
000500445
001990159
001280034
000550038
000380072
TA0633-TA0635_1-B.283
000180452
002210146
000210071
000240470
000220192
000500154
001540211
TA0457-TA0458_2-B.210
002030197
000450176
001460293
001740235
000270361
001610051
000460080
001640021
000450461
000110267
000540103
000020497
000270373
000050021
001200237
TA0459-TA0460_2-A.017
000470234
001540356
TA0597-TA0598_1-A.065
000170147
000350386
000280196
000530176
000300435
000380095
002010114
000460419
001460359
001520428
001220374
001460214
000500262
001620494
001280491
000030419
000460093
000880289
001300213
000520392
000050392
000360147
000220090
000030391
001170458
001500256
000200460
001530220
000200025
001270324
000330229
001370449
001530267
001940226
000320254
000510186
000500114
001720273
TA0521-TA0523_2-A.207
000500468
000050423
000120450
000520096
000550068
000870219
001750376
000310154
TA0371-TA0372_2-B.013
000050255
001220369
001320055
000320112
000280062
000550032
000880385
001420243
001170470
000110108
000560016
000510119
