002220237
002000408
002000484
002220308
000870497
002230356
002190378
002220396
002000462
TA0403-TA0404_2-B.167
001700034
002230253
002230293
002220333
001720377
TA0647-TA0648_1-A.146
002220449
002220342
000230128
002230103
002220469
002220252
002000498
002220448
002220309
002220458
002230238
002220336
002220310
002220261
TA0613-TA0615_2-A.209
002220393
002220391
002220373
000110285
002000425
002220468
002220304
TA0634-TA0636_2-B.138
002210479
002220259
002230428
002190314
002220474
002000409
TA0354-TA0356_2-B.054
002220499
002220385
002220363
002220257
002230270
002000424
002190323
002000468
002000431
001700100
TA0721-TA0722_1-A.193
002230305
002000459
002220465
002220367
002220476
000890231
000890492
002230450
001700366
002220407
002220397
002190373
000220492
002000416
002220481
002220285
002220295
000110270
002190377
000890270
001780055
002000407
002220430
002000432
002000473
002220251
002220483
002000500
002000430
002220423
002220376
002190343
002300254
002190222
002000470
000890287
000110391
002300482
002220292
002000472
001920236
002000464
001700353
002220316
TA0385-TA0386_1-A.119
000890333
000470461
002220403
002220369
002230494
002220348
002220301
002220339
TA0661-TA0663_1-A.201
002220413
002220319
002220479
TA0369-TA0370_2-A.157
002220433
002230490
002220398
002220382
002000480
TA0491-TA0492_2-A.258
TA0491-TA0492_2-A.211
002230289
001780490
002220258
002190298
002000441
001540252
000890474
002000485
002220422
002220497
002000421
002220279
002220442
002190277
002220297
002220405
001790001
000380244
002220229
002000452
002230266
002220353
TA0463-TA0464_2-A.142
002220383
002220247
002000443
002220436
002220461
002220462
002000461
002000436
002220441
002190256
TA0575-TA0576_2-B.268
000890296
002220467
002190266
002220399
002220480
002220284
002220362
002230214
002220447
002220371
002220335
002000469
002220389
TA0497-TA0499_1-B.183
002000477
002000427
002220346
002220453
002000454
000890396
002220239
002230050
002000417
002190316
002190233
TA0537-TA0538_2-A.070
TA0754-TA0756_1-A.312
001700132
002230298
002220470
TA0454-TA0456_1-B.265
TA0489-TA0491_2-B.320
002220445
002220320
002220404
000460439
TA0489-TA0491_1-B.020
002220298
002000426
002220400
002220272
002220450
002220305
TA0489-TA0491_2-B.210
002000499
002190261
002220174
002230421
002000455
TA0647-TA0648_1-A.174
002230458
002230265
002000447
002000490
TA0445-TA0447_2-B.114
001190018
002220153
002220374
002220377
001780254
002220421
TA0402-TA0404_1-B.194
TA0647-TA0648_1-A.202
000110393
002230452
002220147
