000020022	அறியாத	1.86	2.47
000020054	கார	2.92	3.27
000020095	காதலிப்பது	3.25	4.18
000020101	வந்தவனும்	1.19	2.01
000020115	அனுசரித்து	3.31	4.23
000020149	ஆவல்	3.22	3.7
000020151	அரசாங்கத்தின்	1.11	2.26
000020163	ஆசைப்படுவது	3.47	4.46
000020166	உண்பதில்லை	1.37	2.16
000020177	எழுதுகிறோம்	0.91	1.71
000020200	வளர்க்க	1.06	1.62
000020266	அடாவடியை	7.16	8.07
000020315	அம்சம்	1.54	2.1
000020356	அழைக்கச்	8.73	9.4
000020497	கல்லீரல்	3.3	4.1499999999999995
000020499	அதிர்ச்சியடைந்த	0.46	1.5899999999999999
000030048	அத்துமீறல்	5.15	5.86
000030114	தூரத்தில்	0.94	1.48
000030221	யாரையோ	1.08	1.69
000030263	ஆட்சியையும்	0.95	1.5899999999999999
000030263	ஆண்டுகளை	2.81	3.42
000030382	அணியினரும்	1.14	2.04
000030391	கடனை	2.81	3.3200000000000003
000030419	அச்சுதானந்தனையும்	2.83	5.29
000030429	அனுவை	3.82	4.22
000030486	பிரச்சனைக்கும்	2.35	2.98
000030488	ஆட்சிக்காலத்தில்	2.41	3.12
000030494	அமைப்புகளால்	8.07	8.790000000000001
000050021	அற்புதங்கள்	0.47	1.17
000050026	ஆக்ரோஷமா	0.87	1.6600000000000001
000050059	அறிவாளிகளும்	1.69	2.44
000050074	கடலை	0.45	0.79
000050108	அம்பதாயிரம்	0.47	1.24
000050153	அடிக்கிறத	2.77	3.3
000050155	அதிகமாகவும்	2.44	3.1799999999999997
000050163	திட்டுனா	0.78	1.3
000050216	அஜித்திற்க்கு	0.77	1.32
000050241	அந்தரங்கம்	1.6	2.19
000050245	நாக	0.41	0.87
000050255	அனுமதிப்பதில்லை	4.06	5.029999999999999
000050287	அழகி	0.82	1.1099999999999999
000050355	குறைய	5.58	5.92
000050363	அரும்பாக்கத்தில்	1.09	1.83
000050367	அமல்படுத்தப்பட	3.84	4.68
000050367	காப்பீட்டு	3.22	3.81
000050374	அனுமதிக்கப்படவில்லை	3.35	4.55
000050392	அறையை	0.83	1.1099999999999999
000050395	ஆண்டாண்டு	0.47	0.99
000050423	அமல்படுத்தியது	7.75	8.81
000050436	தொலைத்தொடர்பு	1.57	2.3
000050485	அம்முகாம்களில்	0.48	1.28
000050490	அனுதாபங்களையும்	3.66	4.67
000050496	குழந்தைப்	3.17	3.67
000080121	சிறைகளில்	3.39	4.08
000080255	ஆணையக்	3.07	3.4
000080272	அலுவகத்தில்	2.31	2.92
000080305	அரசியல்தான்	3.48	4.18
000080320	ஆஜராகினர்	8.12	9.12
000080336	வீரப்பன்	1.55	2.12
000080386	அனுப்பப்பட்டு	5.2	5.88
000080413	சுடும்	2.0	2.4699999999999998
000110009	அதானி	2.96	3.29
000110070	அதுக்குமேல	3.66	4.21
000110075	குமுறு	4.98	5.390000000000001
000110091	அலுத்துக்கொண்டான்	5.85	6.859999999999999
000110091	தேடோ	2.75	3.45
000110102	அவ்ளோதான்	11.0	11.75
000110108	இங்கிலீஷ்	0.47	0.94
000110133	அப்பாவுக்கு	2.75	3.51
000110139	மொட்டை	5.64	6.02
000110148	ஃபிரெஞ்சு	0.47	0.9299999999999999
000110150	சுட	7.31	7.64
000110170	புடிச்சி	4.59	5.04
000110200	தீவு	3.46	3.89
000110219	வளர	2.45	3.0
000110221	எழுவோம்	1.58	2.27
000110239	ஆதாம்	2.82	3.3
000110266	அல்போன்ஸ்	10.35	11.4
000110266	கம்யூனிஸ்டு	1.97	2.61
000110267	அழைத்துவர	6.17	6.74
000110306	அளிக்கப்	5.58	5.93
000110311	சாம்பியன்	2.13	2.75
000110312	அதிகரிப்பது	4.76	5.529999999999999
000110319	அழைப்பிதழுக்குக்	2.5	3.17
000110320	ஆணையகம்	1.73	2.52
000110337	அச்சமுற்றனர்	8.72	9.57
000110373	காரில்	4.4	4.930000000000001
000110380	ஆடுகளை	5.95	6.43
000110389	ஆகியோரும்	3.81	4.32
000110389	ஆட்டமிழந்ததால்	5.35	6.359999999999999
000110494	அவ்வாறெல்லாம்	1.06	2.08
000110499	அறிவுறுத்த	5.48	6.0600000000000005
000120026	அப்பன	0.47	0.9099999999999999
000120095	அண்ணனை	4.25	4.84
000120136	கண்ணு	1.73	2.05
000120208	அரைமணி	1.31	1.72
000120213	ஆங்கிலேய	2.04	2.68
000120232	அனுமதியளித்து	1.58	2.27
000120296	அலட்சியத்தைக்	1.56	2.19
000120347	அமல்படுத்துவது	1.67	2.3
000120365	அபராதம்	5.94	6.42
000120381	ஆகியவற்றால்	3.9	4.46
000120399	மண்டல	3.37	3.69
000120411	அறிந்தவுடன்	1.27	1.8599999999999999
000120426	ஆட்சியைப்	1.64	1.95
000120441	அதிகாரப்பூர்வமற்ற	0.9	1.88
000120450	அவதிப்பட்டு	1.53	2.04
000120486	இடமாற்றம்	1.9	2.42
000130050	பெயரால்	0.92	1.33
000130056	அணைபோட்டு	1.03	1.79
000130094	அஇஅதிமுக	4.1	5.109999999999999
000130105	கொள்ளவும்	4.04	4.51
000130106	அபிவிருத்தி	3.85	4.57
000130114	ஆசிரியர்களிடம்	1.92	2.61
000130127	ஆட்சிக்கே	2.02	2.63
000130178	அங்கிட்டு	4.45	4.95
000130308	அனிதா	3.53	4.0
000130333	அலைபேசியில்	1.96	2.65
000130375	போவதும்	2.62	3.1500000000000004
000140023	ஆணி	2.19	2.53
000140109	ஆக்கு	3.76	4.1499999999999995
000140119	ஆடைக்குள்	0.48	1.0699999999999998
000140138	அழுதேன்	7.35	7.9399999999999995
000140163	வெட்டுவது	0.81	1.32
000140175	வீடா	4.3	4.6
000140201	ஆட்சில	5.07	5.630000000000001
000140209	ஆசானாய்	3.29	4.17
000140241	விழ	4.8	5.1499999999999995
000140283	அக்ரஹாரா	2.01	2.6599999999999997
000140304	இளைஞர்களுக்கும்	1.87	2.66
000140368	அவருக்குக்	3.66	4.18
000140374	அமைப்பானது	3.83	4.57
000140458	இந்தியாவுக்கும்	0.46	1.15
000150017	ஆச்சர்யபடுறதுக்கு	3.5	4.33
000150068	அரிக்க	0.47	0.8799999999999999
000150069	ஆசைப்பட்டாய்	2.46	3.11
000150152	அன்னைக்குதான்	5.15	5.8100000000000005
000150166	அமைப்புச்	2.97	3.37
000150199	கேட்பதற்கும்	1.55	2.46
000150216	பொடி	3.92	4.39
000150246	ஆதிக்கத்தை	1.99	2.6
000150316	அதன்பேரில்	0.47	1.22
000150316	அமைப்பினரும்	1.75	2.5
000150319	நடந்ததா	1.16	1.73
000150321	அதிருப்தியும்	5.88	6.51
000150339	சிதம்பரத்தின்	0.5	1.19
000150356	அதிகரித்தால்	1.73	2.39
000150470	அனுப்பினர்	3.67	4.1899999999999995
000150472	அதிகரிக்க	2.01	2.5799999999999996
000160187	அனுதாப	1.13	1.66
000160193	அடைத்தார்களோ	3.6	4.140000000000001
000160228	அப்பாற்பட்டவரல்ல	5.07	6.01
000160282	தொகுதிகளில்	5.4	5.840000000000001
000160290	அம்பானியின்	1.21	1.67
000160323	அறிமுகப்படுத்துவதில்லை	6.11	7.0200000000000005
000160354	அமைவது	3.34	3.69
000160385	அடைக்கப்பட்டுள்ளான்	2.24	3.08
000160432	அலட்டிக்	2.35	2.64
000160459	அதிர	0.48	0.76
000160465	வீச்சு	1.58	1.86
000160489	அமைதியுடனும்	1.2	1.8199999999999998
000170043	அப்பகுதியின்	6.25	6.77
000170120	மிருகமும்	3.15	3.6799999999999997
000170147	அற்ப	2.73	3.15
000170157	ஆட்களுக்காக	1.89	2.75
000170193	அபிஷேகமாக	3.01	3.8
000170198	அந்திப்பொழுது	0.76	1.38
000170252	அவருடனும்	1.14	1.7599999999999998
000170254	எதிர்ப்பவர்கள்	0.84	1.3599999999999999
000170346	ஆகியவற்றிலும்	2.18	2.67
000170353	அடிபடுவது	3.41	3.96
000170414	அளித்தும்	1.59	1.9100000000000001
000170452	அறைக்குள்	0.79	1.1600000000000001
000170462	அலுவலர்கள்	1.89	2.4
000170468	அறிவுறுத்துவதைத்	3.64	4.26
000180086	ராட்சசி	2.67	3.2399999999999998
000180106	இருந்தீங்களா	4.04	5.0
000180176	அவர்களுக்கும்	1.97	2.81
000180235	அறிவால்அவர்களை	5.49	7.16
000180235	அழகாக்கி	7.56	8.41
000180449	அறிந்தும்	1.88	2.4899999999999998
000180452	அன்பையும்	6.02	6.819999999999999
000190328	அருள்மிகு	1.49	2.1
000190429	உங்களது	0.44	0.98
000190482	பாம்பன்	3.61	4.15
000200025	அடிமைகள்	2.72	3.3600000000000003
000200154	எவ்வாறு	1.78	2.22
000200239	அதிமுகவுக்கே	4.22	5.18
000200460	அடிப்படையான	2.55	3.13
000210038	அதான்டா	2.5	2.93
000210071	அழுத்தி	3.01	3.4299999999999997
000210086	அமோகமாக	2.6	3.23
000210095	ஆக்கிரமிப்பு	0.84	1.3399999999999999
000210243	பன்றிக்காய்ச்சல்	1.07	1.85
000210325	அவர்களுக்காகவே	0.47	1.33
000210325	அவைக்கு	4.68	5.069999999999999
000210344	அகங்காரம்	2.71	3.41
000210390	அவனது	0.47	0.83
000210470	குடும்பத்திற்கும்	2.06	2.58
000220009	அழகியல்	4.96	5.46
000220090	இனப்படுகொலை	0.49	1.26
000220147	அறிவான	0.99	1.46
000220192	கொண்டாடுவோம்	3.37	4.03
000220234	அசோக	2.27	2.73
000220253	அத்தோடு	0.48	0.8999999999999999
000220299	அகற்றிவிட்டோம்	2.77	3.58
000220427	விருதாச்சலம்	2.45	3.17
000220449	ஆச்சரியம்	0.79	1.34
000230125	அளவின்றி	0.73	1.14
000230154	எதிரானவன்	5.03	5.83
000230469	கொடு	3.02	3.29
000240122	ஆசிரிய	0.48	1.0499999999999998
000240159	அடித்தளம்	9.35	9.959999999999999
000240207	அடிக்கிற	1.46	1.92
000240238	ஆகிக்கொண்டு	3.58	4.57
000240240	ஆஞ்சனேயர்	4.89	5.5
000240331	அவஸ்தை	4.16	4.69
000240384	அர்விந்த்	9.19	9.67
000240389	கருத்தையும்	6.03	6.61
000240390	அருங்காட்சியகத்தில்	1.99	3.06
000240441	ஆணையத்திடம்	6.31	7.06
000240470	அம்பலமாகி	5.64	6.4799999999999995
000240490	அலையாக	2.34	2.87
000270024	தூதுவர்கள்	3.03	3.96
000270025	அள்ளித்	1.78	2.07
000270049	அமையுது	6.32	6.930000000000001
000270113	அதிசயம்	6.11	6.86
000270144	அறியவில்லை	4.62	5.390000000000001
000270196	அமைதியா	0.58	1.12
000270205	வேனாலும்	1.61	2.24
000270223	அக்காள்	2.85	3.3600000000000003
000270223	சித்தப்பா	5.46	6.02
000270223	பெரியப்பா	6.02	6.6499999999999995
000270288	காய்கறி	1.33	1.85
000270344	ஆசிரமத்தில்	0.45	1.27
000270346	அக்லக்கின்	1.43	2.1799999999999997
000270361	அலுவலகங்களுக்கு	3.59	4.47
000270373	அமல்படுத்திவிட்டு	2.0	2.96
000270381	அறிவித்தபோது	3.74	4.6000000000000005
000270423	அட்லாண்டா	4.27	4.89
000270423	அலுவலகங்களை	2.31	3.22
000280062	அடித்துக்கொள்வதாக	4.12	4.99
000280080	அரிவை	2.79	3.3
000280124	அதிகாரிகளா	5.45	6.38
000280134	சொல்றதும்	2.51	3.2399999999999998
000280195	அம்மாவென்று	4.89	5.8
000280195	அழைக்கிறேன்	6.09	6.84
000280196	அடுத்தப்	1.58	2.12
000280216	அர்த்த	2.1	2.41
000280238	அழியாது	2.38	3.2399999999999998
000280367	அனந்தநாக்	0.48	1.04
000280388	வாழவேண்டும்	4.83	5.51
000280390	காந்தியும்	2.29	2.7
000280405	அரசையும்	1.84	2.47
000280417	அப்பெண்ணைத்	1.08	1.6600000000000001
000280435	அவைகளிலும்	3.84	4.45
000280463	அகற்றுவது	1.62	2.12
000280478	அழைத்துப்	2.6	2.99
000280500	அறிவிக்கப்பட்டிருந்தது	3.92	5.02
000300001	குழி	2.87	3.17
000300066	அபார	4.25	4.85
000300066	ஆட்டத்தால்	4.85	5.619999999999999
000300153	பாட்டாக	0.89	1.48
000300181	அவளிடம்தான்	2.45	3.3200000000000003
000300267	அதனுடன்	0.49	1.0899999999999999
000300349	அர	1.09	1.32
000300435	அடைந்ததும்	3.57	4.359999999999999
000310033	அசைக்க	4.3	4.75
000310063	அதிசயமோ	3.52	4.42
000310073	அபாண்டமான	3.83	4.73
000310087	மதிப்பும்	3.99	4.74
000310126	ஆணிடம்	2.62	3.21
000310154	ஆக்கப்பட்டது	7.12	8.52
000310303	அந்நாட்டில்	4.78	5.41
000310310	அமைப்புடனும்	3.7	4.84
000310373	அவனியாபுரம்	0.48	1.2999999999999998
000310409	அமர்ந்திருந்தனர்	6.09	7.029999999999999
000310493	அடைக்கப்பட்டிருந்தன	9.95	11.079999999999998
000320103	ஆட்டகாரங்கள	0.98	1.78
000320105	விவாதிக்கின்றனர்	2.66	3.79
000320112	சந்தானம்	1.83	2.5
000320161	அக்கறையான	3.34	4.04
000320172	அர்ப்பணிப்பு	1.33	2.0
000320187	அப்பவே	2.94	3.7199999999999998
000320201	குறைப்பது	2.56	3.17
000320228	அப்பாவிடம்	0.48	1.23
000320228	அம்மாவிடமும்	2.92	3.96
000320228	காண்பிக்காத	1.23	1.99
000320254	அசம்பாவிதம்	4.08	4.98
000320337	ஆத்திரமடைகிறார்	1.16	2.09
000320386	ஆதரிக்கிறேன்	4.74	5.59
000330052	அத்தான்	2.59	3.1799999999999997
000330064	அனுமதிக்கறதே	2.39	3.14
000330081	அதிசயமாக	3.47	4.0200000000000005
000330117	அமைக்கப்பட்டுள்ள	1.49	2.15
000330135	கழுவி	2.41	2.81
000330155	அதுக்கான	4.54	5.07
000330229	அண்பு	0.83	1.14
000330231	அதிகமாதானே	2.39	3.17
000330288	விரைவாக	7.66	8.16
000330298	கணிதம்	3.95	4.41
000330379	அமைச்சரை	2.16	2.68
000350032	அபிஷேக்	1.3	1.81
000350040	அபாயகரமானதோ	4.28	5.57
000350070	அன்புமணிகளை	4.37	5.4
000350094	ஆத்து	0.46	0.8500000000000001
000350097	அழித்திடுவோம்	5.44	6.42
000350136	அலப்பறை	6.04	6.8100000000000005
000350160	பையனும்	1.97	2.62
000350182	கொடுத்தவங்க	1.73	2.77
000350209	உயிரினம்	3.34	3.98
000350215	அடித்தே	5.4	5.840000000000001
000350222	ஆடிட்டர்	0.64	1.29
000350332	கமிஷனர்	1.84	2.44
000350386	பொய்யான	2.93	3.52
000350407	அவர்களிடமிருந்து	1.0	1.79
000360001	த்தூ	0.47	0.9099999999999999
000360041	அடிச்சிக்கிட்டு	4.62	5.4
000360083	ஆங்	1.78	2.06
000360090	ஒடைச்சு	1.12	1.4900000000000002
000360098	அழகினை	1.73	2.19
000360147	அன்னை	3.6	4.11
000360202	அண்ணியாரும்	1.47	2.1799999999999997
000360202	அன்பிலார்	4.42	5.18
000360222	அடம்	2.16	2.48
000360256	அவருக்கும்	0.46	1.2
000360258	அவதூறாகப்	3.75	4.49
000360299	அறிவுறுத்தியது	5.02	5.88
000360378	அதைத்தொடர்ந்து	0.48	1.15
000370096	அழைப்பவர்கள்	3.16	3.77
000370096	உயிரைக்	0.44	0.9099999999999999
000370117	அறிவிப்போம்	3.88	4.64
000370126	வேஷம்	4.34	4.85
000370151	செயலாளராக	1.79	2.6
000370381	ஆட்சேபனை	3.12	3.89
000370391	அறித்து	1.32	1.7000000000000002
000370481	அரண்டவன்	0.46	0.97
000370486	இரட்டையர்	1.4	1.94
000380072	தமிழர்களிடம்	1.01	1.71
000380095	அரியானா	0.46	0.97
000380124	எனக்கென்ன	1.62	2.18
000380134	அதிகாம	0.46	0.97
000380148	கொடுப்பாங்க	2.05	2.6199999999999997
000380197	அனு	4.52	4.699999999999999
000380223	அப்பாவிற்கு	0.71	1.22
000380248	அதிகமாம்	3.22	3.75
000380273	அருண்ஜெட்லி	2.4	2.87
000380276	விசாரித்தனர்	2.7	3.4400000000000004
000380294	அன்சாரிக்கு	2.7	3.35
000380299	ஆண்டுக்கான	0.76	1.23
000380302	அடைந்திருப்பார்கள்	3.55	4.21
000380385	ஆந்திராவின்	0.47	1.02
000380404	அழகிரியும்	2.29	2.89
000380455	அலுவலகத்தைக்	2.84	3.48
000380456	அளிக்கவும்	3.46	3.92
000380466	அமைக்கப்படுகிறது	4.22	4.97
000390055	நிலா	0.89	1.26
000390099	ஆசி	0.49	0.8300000000000001
000390145	அல்லாஹ்	0.77	1.26
000390187	அறிவுறுத்தப்படுகிறது	6.46	7.57
000390208	சொன்னாங்களா	4.5	5.5600000000000005
000390265	சிவப்பு	4.07	4.5200000000000005
000390305	சாந்தி	3.58	4.09
000390323	அணுகியுள்ளார்	3.47	3.9400000000000004
000390349	அடைத்து	2.02	2.3
000390410	அரசியலாக்கக்	1.27	1.73
000390438	அலகாபாத்	5.01	5.79
000400058	சண்டைகள்	4.12	4.57
000400086	பம்பரம்	1.3	1.86
000400116	பயமா	7.18	7.55
000400122	ஆசையை	1.93	2.4
000400181	அதற்கும்	1.41	1.8699999999999999
000400229	ஆசைய	2.8	3.19
000400240	அலுவலகத்து	0.73	1.56
000400241	அழுகையின்	4.58	5.05
000400341	அன்னுார்	3.71	4.13
000400368	அடைக்கப்பட்டிருந்தார்	4.73	5.99
000400391	அனுமதியுடன்	1.51	2.34
000400436	அபாயத்தில்	2.62	3.34
000400441	ஆஜராவார்	2.92	3.66
000400485	ஆதரவளிக்கப்	7.03	7.7
000400500	அப்பெண்ணை	4.94	5.54
000440060	அப்பன்	1.88	2.28
000440060	எருமை	0.44	0.85
000440102	ஆதரவாளர்களை	1.08	2.27
000440143	அடையாத	3.15	3.66
000440198	உணவே	3.35	3.84
000440199	செயலாளர்கள்	3.61	4.45
000440279	அவ்வழக்கு	3.09	3.69
000440336	அம்பலப்பட்டுக்	3.11	4.12
000440374	அர்ஜென்டினா	0.47	1.19
000440395	அப்துல்லா	3.33	3.95
000440466	ஆதரவாளர்களுக்கிடையே	2.91	4.1
000450029	அதனினும்	1.88	2.36
000450051	அடிங்க	5.83	6.12
000450075	அனுபவித்துக்கொண்டே	1.36	2.2800000000000002
000450103	அடுத்தவரின்	2.42	2.94
000450118	அழைப்பிற்கும்	1.2	1.85
000450157	அளித்ததால்	3.71	4.31
000450164	அழிப்பது	6.17	6.58
000450165	அபாயமும்	5.48	6.140000000000001
000450176	அறிவதில்	1.9	2.53
000450184	அரசியல்வாதிகளை	2.95	3.8600000000000003
000450223	அதவே	3.64	4.05
000450238	கபடி	1.58	1.99
000450249	இருக்கானு	1.08	1.7600000000000002
000450282	அலுவலகங்கள்	3.87	4.42
000450342	அந்தவகையில்	0.24	1.02
000450461	அடிப்படையில்தான்	2.61	3.51
000450468	அம்மாணவிகள்	0.47	1.41
000450473	பகுதியும்	2.06	2.58
000450485	அறிவுறுத்தல்	5.52	6.18
000460056	அந்திப்	1.72	1.93
000460080	அடங்கிப்போனது	2.4	3.08
000460080	அடியோடு	2.02	2.4
000460088	அமிதாப்பைக்	1.62	2.08
000460093	அமர்த்துவதில்	1.09	1.57
000460218	ஆகலை	2.22	2.4800000000000004
000460228	அருகிலிருக்க	2.6	3.14
000460228	அறிஞர்களின்	2.1	2.6
000460295	அரசுகளின்	1.46	1.8599999999999999
000460302	அத்தோடு	0.48	0.84
000460316	அரிசியை	4.26	4.609999999999999
000460316	கோதுமை	3.86	4.26
000460402	அறிக்கைகள்	2.14	2.52
000460419	ஆட்சியமைத்து	3.81	4.36
000460481	சத்யாவை	1.68	2.24
000470012	தந்தவன்	2.6	3.17
000470071	அருவருப்பை	2.48	2.99
000470079	அய்யய்யோ	0.47	0.9299999999999999
000470179	அவதாரம்	2.29	2.71
000470189	சொன்னத	1.7	2.1
000470234	ஆட்சிகளை	2.23	2.67
000470330	ஆட்டுக்	2.31	2.6
000470349	ஆடத்	1.26	1.48
000470384	அனுமதிக்கப்பட்டால்	2.78	3.5599999999999996
000470426	ஆண்டுதான்	0.59	0.99
000470481	நந்தி	3.29	3.62
000470490	அயோத்தியில்	1.38	2.01
000470497	அறிவிப்புகளையும்	2.89	3.43
000490016	அனிச்சையாக	2.39	3.04
000490065	அணைகட்ட	1.5	1.98
000490126	அகநாழிகை	2.28	2.9299999999999997
000490274	அடிப்பேன்	2.44	2.9299999999999997
000490307	கோவில்களிலும்	1.62	2.21
000490330	அமர	0.89	1.12
000490466	அனுமதியை	1.2	1.63
000500008	அகதிகளாக	1.61	2.29
000500114	ஆசைகளும்	2.76	3.54
000500154	அணில	1.5	2.01
000500209	வருக	0.41	0.86
000500218	மூழ்குகிறேன்	3.43	4.3100000000000005
000500230	அம்பு	3.74	4.0
000500262	அமுதாவின்	0.44	1.09
000500321	அரவக்குறிச்சி	1.61	2.38
000500356	இல்லாவிட்டாலும்	2.74	3.7
000500357	அழைப்பின்	4.43	5.01
000500370	அடைக்கப்பட்டன	10.02	10.799999999999999
000500370	அணைக்கரை	7.09	7.6
000500372	அவலம்	1.39	1.79
000500390	ஆதரவைத்	3.82	4.28
000500445	அறிமுகப்படுத்தப்படலாம்	1.93	3.26
000500451	அளவைத்	4.24	4.680000000000001
000500453	ஆட்டமிழந்தனர்	4.04	4.82
000500468	அடிலைட்	5.3	5.81
000500470	அளவிலேயே	3.68	4.28
000510046	அழிக்கப்படுகிறது	5.93	6.97
000510046	அஸ்தியை	1.2	1.68
000510093	அவளது	0.45	0.98
000510119	அமைப்புகளைத்தான்	2.5	3.24
000510121	அறிவிப்பில	0.8	1.38
000510133	ஆதவன்	1.15	1.67
000510153	ஆண்டவா	3.98	4.46
000510161	அனிருத்	0.46	0.98
000510182	பண்ணுவ	3.62	4.0
000510186	அவமானப்படறது	2.46	3.4299999999999997
000510190	அவமானங்கள்	1.01	1.72
000510221	அடிமையாக	0.84	1.54
000510221	ஆங்கிலேயருக்கு	2.77	3.68
000510235	அகத்தின்	0.48	1.08
000510235	அன்பிலும்	2.5	2.95
000510298	ஆச்சரியத்தை	5.47	6.069999999999999
000510339	அரசியலையே	3.2	3.7300000000000004
000510358	அதிமுகவினருக்கு	2.75	3.67
000510398	அரசியலமைப்பு	2.68	3.62
000510466	அமைச்சகத்திற்கு	7.19	7.98
000520096	அலங்காரம்	4.03	4.79
000520164	அப்பாவிகளை	0.47	1.31
000520185	அமிழ்து	0.52	1.08
000520188	அர்த்தமற்றுப்	5.17	5.93
000520205	அனுபவத்தை	2.48	3.13
000520286	அவசரநிலை	1.63	2.3899999999999997
000520355	அணிவதை	2.53	3.0
000520364	அவ்விமானம்	2.5	3.2199999999999998
000520365	அடுக்கம்பாறை	4.1	5.0
000520392	ஆசியுடன்	3.55	4.14
000520398	அஸ்வனி	5.79	6.3100000000000005
000520464	அறிவிக்கப்பட்டன	3.65	4.6
000520475	அறிவுசார்	3.62	4.28
000520475	இல்லத்தை	2.69	3.3
000530097	அனுஷ்கா	0.45	0.94
000530102	சட்டி	0.96	1.5899999999999999
000530148	குடம்	4.16	4.45
000530176	அசிங்க	2.53	2.88
000530217	அடே	0.45	0.81
000530220	அன்னையின்	0.48	0.96
000530231	ஆசைப்பட்டால்	3.35	4.44
000530284	சித்திரை	3.71	4.13
000530294	அதிகாலையில்	1.58	2.22
000530384	அண்மை	0.48	0.73
000540020	ஆண்களாகத்தானே	3.46	4.33
000540029	அலுவலகத்தின்	1.71	2.38
000540096	மறப்போம்	2.04	2.55
000540103	அழைக்கப்பட்ட	1.99	2.6799999999999997
000540109	தோசையின்	2.45	3.0300000000000002
000540120	அழுவுறிங்களே	3.3	3.96
000540139	ஆட்டிப்படைக்கின்ற	1.29	2.3
000540193	எதையோ	0.41	1.07
000540197	அஜீத்தின்	1.79	2.22
000540199	நாற்பதில்	0.95	1.51
000540216	சிரித்து	2.46	2.82
000540225	கிளிநொச்சி	3.53	4.1499999999999995
000540249	புண்ணியம்	1.51	2.05
000540257	அப்துல்கலாமை	1.12	1.8800000000000001
000540318	அரசாணையை	3.26	3.9299999999999997
000540357	அளிப்போம்	3.69	4.6
000540363	அடங்கியுள்ளது	3.96	4.83
000540428	அரசிடமிருந்து	0.86	1.43
000550022	அலைக்கழித்தவர்	2.14	2.95
000550032	அப்பாவை	2.13	2.67
000550038	அலைபாயுது	5.74	6.46
000550068	குத்தமா	2.13	2.65
000550069	அல்வா	3.93	4.26
000550095	அப்பப்ப	0.48	0.95
000550095	கலகலனு	1.36	1.9700000000000002
000550185	புரிலன்னு	0.45	1.04
000550227	பட்ஜெட்	0.92	1.3800000000000001
000550289	அமளியாக	5.49	6.140000000000001
000550335	அலுவலர்	3.13	3.58
000550358	அவமானத்தில்	2.41	3.18
000550393	அஞ்சலிக்காக	3.68	4.33
000550417	அவசியமும்	2.36	2.9699999999999998
000550474	அறியாதவர்கள்	6.41	7.36
000560016	அறைந்து	4.34	4.609999999999999
000560042	அசீத்	1.48	1.8
000560089	புரட்சி	0.42	0.83
000560097	ஆண்களுக்குமே	0.83	1.31
000560125	வெளிநாட்டுக்கு	1.22	1.74
000560141	அவஸ்தயை	3.81	4.21
000560265	அதிகாரப்	3.15	3.58
000560293	அடிவாங்காமல்	2.28	2.8499999999999996
000560408	அனுபவத்தில்	1.92	2.54
000560410	அமல்படுத்தப்பட்டு	4.25	5.1899999999999995
000560472	அடைக்கப்பட்ட	1.65	2.19
000870081	ஆஃப்	0.77	0.91
000870083	சொல்வதெல்லாம்	0.71	1.52
000870164	கரண்ட்	1.7	2.02
000870219	அலைகடல்	2.57	3.1799999999999997
000870231	படத்துக்கும்	1.03	1.71
000870233	அவற்றின்	2.12	2.54
000870243	அரைகம்பத்தில்	3.74	4.44
000870246	ஆதரவற்ற	4.33	4.93
000870271	நிமிடம்	2.45	2.89
000870339	அவமதிப்பாகிவிடும்	6.84	7.99
000870345	அப்போதெல்லாம்	3.13	4.06
000870363	அடல்	3.77	4.14
000870391	அதிகமாகி	3.25	3.83
000870433	ஆசிர்வாதமும்	2.93	3.49
000870456	அணிகளுக்கும்	0.84	1.42
000870461	ஜீ	1.47	1.77
000880105	அளவுகோல்	4.16	4.94
000880146	அமைப்பதை	2.85	3.64
000880153	ஃபாலோ	2.15	2.7
000880155	ஆசைப்பட்டு	1.75	2.34
000880175	அண்ண்ன்	0.91	1.35
000880188	வும்	8.98	9.31
000880204	அதிகாரத்தில்	2.99	3.6500000000000004
000880226	சோகத்தை	4.23	5.03
000880255	அவற்றில்	3.74	4.15
000880263	அனைவரையுமோ	3.69	4.51
000880289	அமனத்	1.97	2.43
000880323	அமர்ந்திருப்பவர்களில்	5.44	6.53
000880385	அமெரிக்காவுக்கு	6.04	6.8
000880418	அலுவல்கள்	1.8	2.38
000880450	அதிகாரியின்	1.32	2.16
000880452	அமரவீர	8.76	9.48
000880452	அரசுடமையாக்கப்படும்	3.81	4.97
000880494	மாநிலங்களின்	5.75	6.72
000890057	ஆதரவாளர்களுடன்	1.41	2.45
000890106	சங்கத்தின்	1.61	2.29
000890159	கேடு	1.71	2.01
000890278	அந்	2.6	2.8200000000000003
000890341	அம்பலப்படுத்தியிருக்கிறார்	5.44	6.45
000890364	அளித்ததுடன்	3.86	4.6899999999999995
000890364	ஆஜராவதிலிருந்தும்	6.22	7.18
000890407	அமைப்புகளுக்கு	3.32	4.13
000890445	ரீதியிலான	1.41	1.8599999999999999
001170315	ஆகிறது	7.69	8.41
001170405	அறிவிக்கையை	1.08	2.02
001170458	ஆசிரமம்	1.62	2.41
001170470	அரசாக	2.07	2.7199999999999998
001190357	அஞ்சுகிறார்	5.67	6.34
001200203	அதாங்க	0.44	1.12
001200230	அடையாளமா	3.88	4.62
001200237	அசதியாக	2.44	3.05
001200307	அடைத்தனர்	4.74	5.300000000000001
001200373	காளை	1.71	2.23
001200432	அலுவலகங்களிலும்	1.47	2.5
001200459	அண்ணாமலைபுரம்	0.96	1.81
001200473	காப்பாற்றுங்கள்	3.3	4.07
001200492	அருகேயுள்ள	2.07	2.86
001200492	அர்ச்சுனன்	5.34	5.99
001210001	இருக்கவங்க	1.81	2.51
001210071	அவனிடம்	4.1	4.8
001210130	அழைப்பிதழ்	2.1	3.04
001210259	பலகை	5.16	5.84
001210259	பெயர்ப்	4.81	5.159999999999999
001210264	அடையாரில்	1.14	1.89
001210323	அச்சிறுமி	2.3	3.25
001210358	அதிகாரிகளைத்	1.24	2.1
001220038	ஒருத்தனுக்கு	0.44	1.22
001220042	சுற்றுகிறார்	6.11	6.74
001220255	கலர்	4.36	4.78
001220258	அலைகள்	5.47	6.01
001220334	ரஷ்ய	1.06	1.46
001220369	பங்காரப்பா	4.85	5.569999999999999
001220374	அருகிலுள்ள	3.88	4.51
001220485	அளிக்காததால்	4.75	5.51
001230051	வந்துச்சி	2.24	2.7
001230066	வேட்டி	0.82	1.19
001230069	ஆகவில்லை	1.47	1.93
001230125	அருள்நிதி	0.48	1.23
001230128	அஞ்சலிக்கட்டுரைல	2.61	4.38
001230128	ஆகும்ன்னு	2.0	2.61
001230223	அப்பழுக்கற்ற	3.73	4.72
001230224	அடிப்பாரா	6.19	7.12
001230242	ஆகனும்ன்னு	4.35	5.14
001230255	அழகிரிக்கு	6.6	7.279999999999999
001230319	அமைப்புக்குழு	2.51	3.4099999999999997
001230321	எதிர்க்க	3.29	3.95
001230323	அகாடாவின்	1.66	2.56
001230361	அபூர்வ	0.83	1.4
001230457	அசிங்கம்	3.28	3.83
001230471	அமர்நாத்	0.91	1.57
001240182	உடம்பு	2.86	3.29
001240188	போலவும்	2.22	2.64
001240246	அன்னைக்கும்	2.04	2.63
001240351	அடைந்துவிட்டதாக	4.44	5.3500000000000005
001250126	அப்பிணங்களை	2.49	3.3200000000000003
001250191	அவன்தான்	6.24	6.88
001250207	அதிபரை	1.26	1.74
001250250	அடடா	0.37	0.77
001250264	அவைக்	0.78	1.07
001250344	அனுப்பப்பட்டனர்	3.08	3.73
001250351	அகவிலைப்படி	4.11	4.970000000000001
001250440	அட்டைகள்	2.76	3.1199999999999997
001250450	ஆணையர்களின்	2.48	3.0300000000000002
001270004	வாய்தா	1.93	2.3
001270233	வேலையைப்	1.14	1.5099999999999998
001270269	ஆகிடும்	1.89	2.41
001270324	அன்றும்	0.82	1.25
001270400	ஆதர்ஷ்	1.39	1.72
001270429	அமைப்புகளைச்	3.14	3.6100000000000003
001270467	அங்காடிகளை	0.61	1.19
001270486	அறிகுறிகள்	3.87	4.33
001280010	அடிக்கிறான்	3.67	4.18
001280034	அதுதானே	2.26	2.8299999999999996
001280154	அதிகமாய்	1.61	2.12
001280463	ஆதாரத்தை	0.49	1.0899999999999999
001280491	அப்பீல்	2.67	2.95
001290015	அப்பல்லாம்	0.47	0.9199999999999999
001290026	அமையட்டும்	3.36	3.81
001290092	அடிபணியாது	6.27	7.26
001290110	பிடித்தவள்	2.25	2.89
001290226	அளவுக்கதிகமான	0.43	1.65
001290261	அழைத்துள்ளது	3.72	4.33
001290309	அக்கூட்டணியில்	1.31	2.02
001290367	அவதாரங்களில்	2.71	3.48
001290427	அன்றைக்கு	0.49	0.8999999999999999
001290442	அழித்தனர்	4.08	4.63
001290452	அழுதனர்	3.44	3.88
001300090	மோடின்னு	0.3	0.8999999999999999
001300142	ஆம்பளைங்க	0.43	1.02
001300213	அடிச்சிருக்காங்க	3.45	4.37
001300290	அமெரிக்காவை	1.34	1.8900000000000001
001300313	அழைத்தாலும்	3.57	4.08
001320034	மரியாதையை	5.04	5.67
001320055	அமலா	2.63	3.01
001320187	வீரமான	2.95	3.5100000000000002
001320292	அழிக்கப்பட்டுவிட்டன	6.48	7.57
001320295	அமைத்தும்	3.82	4.26
001360032	இருந்துச்சு	8.46	9.08
001360033	அம்மாதான்	3.47	4.11
001360121	அண்மைக்கால	1.16	1.83
001360143	அருகம்	0.47	0.94
001360183	தரப்பிலும்	2.06	2.59
001360211	அவசியமாகிறது	5.1	6.43
001360268	அணியைச்	7.01	7.49
001360271	அதிகரிக்கக்கூடும்	5.5	6.61
001360313	அமைப்பும்	1.06	1.6800000000000002
001360345	கட்சிகளுக்கும்	2.98	3.87
001360471	அமர்வில்	3.18	3.93
001370087	வல்லரசு	2.68	3.14
001370099	அதைப்பற்றி	5.37	6.0600000000000005
001370241	நடத்துவாங்க	3.68	4.3100000000000005
001370380	ஆசியாவின்	0.76	1.3399999999999999
001370390	அறிவிக்கப்பட்டிருந்த	3.08	3.88
001370449	அடுத்துள்ள	2.77	3.41
001380173	அதீதமாய்	2.79	3.48
001380247	அமைகிறது	6.1	6.619999999999999
001380350	தருவோம்	3.54	3.89
001380411	அளிக்கிறோம்	4.1	4.4799999999999995
001380470	அழைக்கப்பட்டாரா	2.48	3.08
001380473	அடைக்கலம்	3.56	4.08
001400157	சம்மந்தம்	1.73	2.24
001400157	முதல்வர்களின்	0.98	1.73
001400187	இங்கதான்	2.46	3.09
001400328	பிரதீப்	1.76	2.14
001410120	அவர்கள்மேல்	3.81	4.47
001410240	அஃதிலார்	2.1	2.56
001410269	அவசரக்	5.2	5.75
001410276	அப்புறப்படுத்தவேண்டும்	5.03	6.03
001420015	என்க	4.84	5.1899999999999995
001420243	சுந்தர்	3.2	3.58
001420249	ஆட்சியாளர்கள்	0.73	1.44
001450096	அர்ப்பணித்துத்	3.55	4.21
001450250	ஸ்டார்	0.98	1.22
001450493	அனுமதிப்பதற்கு	3.79	4.75
001460165	அன்பைவிட	0.92	1.7000000000000002
001460214	அதிருப்தியில்	2.84	3.63
001460293	அனுஷ்மன்	1.55	2.38
001460357	அனுமதிக்கப்பட்டுள்ளார்	11.14	12.39
001460359	அரசியலாகி	5.61	6.800000000000001
001460419	அபுதாபியைச்	2.17	2.9699999999999998
001500024	அப்பாற்பட்டத	5.2	6.12
001500085	அன்பரே	0.48	0.95
001500125	நெருங்க	0.89	1.22
001500256	அவர்களும்	0.48	1.02
001500386	அதேபோன்ற	0.47	1.21
001520113	அடிச்சார்	1.78	2.2800000000000002
001520118	அம்மாள்	1.08	1.7200000000000002
001520148	அறுதல்	3.81	4.13
001520185	அழுகைக்கு	0.9	1.69
001520217	அவிஞ்ச	2.75	3.09
001520235	ஆட்சியாளர்	3.95	4.62
001520428	அளித்தல்	3.95	4.3500000000000005
001520430	புள்ளி	2.56	2.85
001520462	அவதிப்பட்ட	2.1	2.62
001520468	அமைப்பினராக	3.17	4.12
001520488	அமிஞ்சிகரையில்	1.03	1.6400000000000001
001520490	அதிர்ச்சித்	5.5	5.9
001530157	அப்புன	2.4	2.7199999999999998
001530181	சட்டக்கல்லூரி	2.28	2.9099999999999997
001530220	ஆணையோ	2.26	2.7699999999999996
001530258	ஜே	7.15	7.590000000000001
001530267	ஆஜர்படுத்தப்பட்டார்	7.64	8.65
001530290	ஆடம்பர	4.75	5.25
001530324	ஆதரவுக்குரல்கள்	0.77	1.87
001530341	இறுதிக்குள்	4.53	4.98
001530358	அனுமதிக்கப்படாதது	6.23	7.12
001530411	அருந்தும்	0.75	1.04
001530465	அரசாணை	1.13	1.66
001530500	அறுவடை	0.87	1.32
001540021	ஞாயித்துக்கிழமை	0.76	1.55
001540159	அண்ணன்கள்	2.8	3.3899999999999997
001540192	அதுவல்ல	3.5	4.14
001540196	ஆதரிப்போம்	5.03	5.680000000000001
001540211	இங்கயே	1.1	1.6300000000000001
001540223	அருவிகளில்	3.23	3.82
001540226	அதிகமாக்க	2.6	3.16
001540226	அரிதாயினும்	0.98	1.6600000000000001
001540273	ஆக்குவது	4.91	5.4
001540275	அப்பீலாகும்	6.49	7.21
001540288	அறிவிப்புக்கு	2.26	2.92
001540356	அக்டோபர்	1.06	1.51
001540397	விடுகிறார்	3.65	4.26
001560126	அஸ்வினுக்கு	5.95	6.62
001560187	அனிச்சையாய்	0.97	1.79
001560394	அழகிரியோ	2.52	3.39
001560481	அமைச்சருக்குக்	5.34	6.05
001560489	ஆசிர்வாதங்களை	6.51	7.4799999999999995
001560495	போட்டிகளிலும்	1.15	1.9699999999999998
001570030	அதிசயமா	3.92	4.46
001570241	அசைத்து	2.98	3.36
001570310	அழைப்பாளர்களாக	1.58	2.58
001570319	அமைக்கவில்லை	3.83	4.47
001570500	பிற்படுத்தப்பட்டோர்	8.19	9.129999999999999
001600166	அசாமில்	0.72	1.22
001600177	பணக்காரனா	2.56	3.2800000000000002
001600278	அவையை	2.07	2.3699999999999997
001600403	ஆசிப்	1.94	2.39
001600468	அவளுடைய	0.49	1.08
001600480	அடுக்குமாடிக்	1.74	2.38
001600499	அத்துமீறலை	3.2	3.99
001610051	அதற்க்கு	1.65	2.0
001610093	செம	4.0	4.35
001610117	வேணும்னு	1.38	1.93
001610124	விடிய	0.94	1.31
001610233	அன்பாக	1.12	1.6600000000000001
001620053	பாலா	0.84	1.18
001620265	ஆக்கிரமித்து	2.2	2.9400000000000004
001620485	பேசுவார்கள்	3.21	3.73
001620494	அறிவித்திருந்தார்	6.02	6.93
001630314	ஆடுகின்றன	5.76	6.34
001630314	ஆண்டுகளாகவே	1.01	1.78
001630364	சொல்லி	2.47	2.75
001640021	ஆகிடும்னு	3.17	3.62
001640081	பேசத்	2.23	2.61
001640234	அவங்களுக்காக	2.68	3.4800000000000004
001640302	அரசாங்கத்திற்கு	2.32	3.07
001700162	ஆண்களே	4.2	4.57
001720220	அரசியல்வாதிங்க	2.3	3.1799999999999997
001720273	அரங்கேறி	6.44	6.87
001730066	ஆகுற	1.51	1.95
001730074	சுகமாய்	2.1	2.6
001730273	அரசுகளும்	0.87	1.32
001730304	அதிலிருந்து	0.75	1.19
001730419	அனுமதிக்கப்படுவார்கள்	7.1	8.059999999999999
001730498	என்பதும்	1.24	1.6400000000000001
001740235	அறியாம	1.51	1.93
001740324	அன்சாரியின்	0.81	1.54
001740409	அவதிப்படும்	1.68	2.4
001740443	அழைப்பும்	2.88	3.27
001740476	அவ்வளவுதான்	0.48	1.18
001750376	அமல்படுத்தும்	2.33	2.89
001750446	ஆண்டுக்கு	0.94	1.26
001750469	அரசியலமைப்புச்	1.42	1.91
001770049	ஊமை	2.63	2.9899999999999998
001770148	புரியாமல்	3.24	3.8400000000000003
001780093	அராஜக	1.93	2.4299999999999997
001780106	அதுலதான்	6.32	6.99
001780144	ஆடுகளுக்கும்	5.34	6.0
001780328	ஏராளம்	3.56	4.08
001790217	அதுவா	4.02	4.619999999999999
001790242	அள்ள	1.8	2.27
001790307	அலுவலகத்தை	1.39	2.08
001790341	போஸ்டர்	5.46	5.96
001920100	அவசரகதியில்	0.44	3.14
001920160	தாள்	4.51	4.87
001920163	விசியங்கள்	4.26	5.08
001920177	அறிமுக	1.17	1.68
001920385	அங்கும்	4.82	5.42
001940037	முட்டாளும்	3.91	4.390000000000001
001940226	சிரித்தால்	2.52	2.91
001940339	ஒருவழியாக	3.61	4.26
001940493	பூசி	6.78	7.19
001960087	ஐநூறு	1.31	2.0300000000000002
001980149	அலைய	1.57	1.81
001980196	அதற்குத்	0.89	1.26
001980400	இன்ன	3.33	3.7
001990159	கஷ்டப்படாம	1.91	2.54
002010078	அன்பானவன்	0.48	0.96
002010114	அவங்கவங்க	1.74	2.14
002010122	கட்சிகளையும்	2.24	2.8400000000000003
002030197	வைத்தியம்	1.3	1.73
002030319	அலங்காநல்லூர்	2.39	3.02
002030447	து	3.23	3.34
002030467	மாத்திரைகள்	2.97	3.5
002040013	விடுறவனுக்கும்	1.84	2.52
002040464	அணுகினார்	6.38	7.3
002090217	அடிமைகளாய்	4.58	5.29
002090407	என்பதாலும்	3.68	4.24
002180059	திட்டுவாங்க	2.52	3.25
002180235	வரனும்னு	1.95	2.57
002190033	அப்பாவா	3.51	4.33
002190078	கரி	2.44	2.96
002190374	பிளாஸ்டிக்	5.91	6.3100000000000005
002210146	அக்கௌன்ட்	2.44	2.95
002210236	முடில	2.59	3.25
002210279	சட்டத்துறை	1.14	1.6199999999999999
002210283	மேலாளர்	2.85	3.39
002210436	அறிவிப்பில்	4.2	4.720000000000001
002210458	ஸ்கோர்	1.5	1.88
002240086	ஆணின்	0.71	1.1
002250412	ஆவின்	1.26	1.54
002300117	அதிசய	1.57	1.96
002300364	அளிக்காமல்	3.58	4.140000000000001
002310398	அணிவகுத்து	3.84	4.52
002310412	ஆணையருக்கு	7.24	7.83
002350311	கவலைக்கு	3.79	4.23
002350334	அப்பெண்ணின்	0.9	1.52
TA0321-TA0323_2-B.022	நம்பள	3.25	3.46
TA0323-TA0324_2-A.035	திருமணமாக	5.36	6.04
TA0323-TA0324_2-A.093	வாழக்கை	2.41	2.85
TA0325-TA0326_1-B.366	கார்டு	2.31	2.52
TA0326-TA0328_1-A.233	மீடியம்	1.51	1.92
TA0326-TA0328_1-A.254	அக்காக்கு	0.21	0.66
TA0326-TA0328_2-A.088	இருபத்தி	2.67	3.03
TA0326-TA0328_2-A.202	கிராம்	0.89	1.13
TA0326-TA0328_2-A.257	கொஞ்சமா	1.55	2.1100000000000003
TA0326-TA0328_2-A.317	கரெக்ட்	0.87	1.2
TA0327-TA0328_2-A.030	அபரம்	0.98	1.51
TA0329-TA0330_1-A.020	அதனாலே	0.12	0.38
TA0329-TA0331_1-B.371	குடு	0.0	0.43
TA0333-TA0335_1-B.092	முக்காவாசி	0.79	1.37
TA0337-TA0338_2-B.094	விரும்பல	1.19	1.63
TA0341-TA0343_1-B.377	ரைஸ்	0.76	1.0
TA0343-TA0344_1-B.050	அம்மாக்கும்	1.21	1.73
TA0347-TA0348_1-A.150	புரிஞ்சிக்க	2.19	2.75
TA0353-TA0354_2-B.059	வீட்ட	0.42	0.6699999999999999
TA0353-TA0355_2-A.252	நல்லவங்க	0.33	0.8300000000000001
TA0358-TA0360_1-A.078	இஷ்டத்துக்கு	2.93	3.35
TA0359-TA0360_2-A.031	அப்புடியே	0.18	0.44
TA0361-TA0363_2-B.150	பொம்பள	0.91	1.25
TA0363-TA0364_2-A.104	தூள்	0.84	1.06
TA0363-TA0364_2-A.251	அம்பது	0.57	0.8799999999999999
TA0363-TA0364_2-A.277	சோம்பு	1.08	1.53
TA0363-TA0364_2-B.298	மிளகு	3.06	3.65
TA0370-TA0372_2-B.072	அதுங்காட்டி	0.1	0.48
TA0371-TA0372_1-B.213	போனோம்	1.56	2.14
TA0371-TA0372_2-B.013	போவேன்	1.17	1.88
TA0374-TA0376_2-B.143	போயிருக்கேன்	3.13	3.51
TA0375-TA0376_2-B.146	அப்பறமா	0.45	0.76
TA0389-TA0390_2-B.085	சொல்லவா	0.85	1.38
TA0393-TA0395_1-A.223	அதன்ன	0.9	1.3900000000000001
TA0393-TA0395_1-B.013	டீச்	1.8	2.04
TA0394-TA0396_2-B.243	நிஜமா	1.0	1.29
TA0395-TA0396_1-A.249	அதுக்காக	0.59	1.0699999999999998
TA0398-TA0400_1-A.133	எங்கயுமே	2.59	3.1399999999999997
TA0406-TA0408_2-A.222	அவர	0.9	1.11
TA0410-TA0412_1-A.337	சொல்லுவான்	1.36	1.83
TA0410-TA0412_2-A.099	அம்மாவோட	0.58	0.9199999999999999
TA0411-TA0412_2-B.030	அமா	0.48	0.73
TA0413-TA0414_1-A.102	அதுவரைக்கும்	0.0	0.56
TA0413-TA0414_1-A.191	அமைச்சு	2.66	3.41
TA0413-TA0415_1-A.064	அவளவு	1.83	2.1100000000000003
TA0413-TA0415_2-B.012	மியூசிக்	0.1	0.45999999999999996
TA0415-TA0416_1-B.133	நம்மலுக்கு	2.44	2.91
TA0417-TA0418_1-B.013	ஆசையா	1.51	1.9100000000000001
TA0431-TA0432_2-B.098	அப்பதான்	0.11	0.61
TA0447-TA0448_2-A.041	பணியாரம்	0.43	0.8999999999999999
TA0451-TA0452_2-B.030	அதுலயே	0.65	1.0
TA0457-TA0458_2-B.210	கடைசில	0.52	0.98
TA0458-TA0460_2-A.134	ஆடுறாங்க	0.88	1.54
TA0459-TA0460_2-A.017	அவங்களாம்	0.06	0.43
TA0461-TA0463_2-B.229	அதெலாம்	0.26	0.74
TA0463-TA0464_2-A.058	அப்பளம்	1.08	1.8
TA0466-TA0468_1-B.211	அந்தமாறி	0.11	0.72
TA0466-TA0468_2-B.074	சாக்கு	0.91	1.23
TA0479-TA0480_2-B.040	அப்டின்னுட்டு	2.52	3.06
TA0481-TA0482_2-B.119	தப்புதான்	0.36	0.78
TA0482-TA0484_2-A.214	அதுகூட	0.15	0.7000000000000001
TA0483-TA0484_1-B.005	அதுமாறி	0.43	0.69
TA0489-TA0491_1-B.048	அப்பறோம்	0.13	0.65
TA0490-TA0492_2-B.231	அப்பாக்கும்	2.4	2.8899999999999997
TA0503-TA0504_1-A.065	அப்பிடின்னு	4.41	4.76
TA0505-TA0506_2-B.241	காமிக்கிறாங்க	0.91	1.55
TA0511-TA0512_2-A.006	அப்டித்தான்	1.33	1.7000000000000002
TA0517-TA0519_2-B.402	அங்கல்லான்	2.5	2.84
TA0521-TA0523_2-A.207	அஞ்சாவது	0.0	0.57
TA0523-TA0524_2-A.097	குழந்தைங்களுக்கு	0.0	0.53
TA0538-TA0540_1-A.075	ஆயிடும்	3.58	3.97
TA0549-TA0551_2-B.139	ஜாஸ்தியா	5.37	5.92
TA0549-TA0551_2-B.240	அதிகபட்சமா	0.1	1.1400000000000001
TA0551-TA0552_2-A.023	எடுப்பாரு	4.56	4.9799999999999995
TA0553-TA0555_2-B.059	ஈர்ப்பு	0.95	1.5499999999999998
TA0554-TA0556_1-B.015	அதுக்கப்றம்	0.18	0.76
TA0554-TA0556_1-B.121	அவளோட	0.6	0.97
TA0554-TA0556_2-B.217	அப்டின்றிங்க	1.98	2.58
TA0555-TA0556_2-B.178	அப்பாம்மா	0.81	1.24
TA0574-TA0576_1-A.094	அருந்ததி	1.68	2.12
TA0574-TA0576_1-A.119	அதுனாலதான்	0.09	0.63
TA0583-TA0584_2-A.396	அரக்கோணம்	0.0	0.59
TA0585-TA0587_2-B.139	அவங்கலாம்	0.35	0.86
TA0585-TA0587_2-B.158	அவ்வளவா	0.93	1.25
TA0585-TA0587_2-B.254	அதுக்கெல்லாம்	1.54	2.06
TA0597-TA0598_1-A.065	கல்லு	0.83	1.19
TA0605-TA0607_2-A.159	அக்காவும்	0.47	0.84
TA0614-TA0616_1-B.210	உணவுகளும்	0.91	1.46
TA0614-TA0616_2-A.262	படத்துக்காக	0.1	0.64
TA0633-TA0634_1-A.049	போறதில்ல	1.17	1.5999999999999999
TA0633-TA0634_1-A.073	பரவால்ல	1.03	1.48
TA0633-TA0635_1-B.283	அதேமாதிரி	0.1	0.56
TA0639-TA0640_2-A.276	அபோ	0.22	0.45
TA0643-TA0644_2-A.343	விசில்	0.41	0.72
TA0650-TA0652_1-A.020	ஹா	0.3	0.7
TA0657-TA0659_1-A.131	அப்டிதான்	0.22	0.57
TA0678-TA0680_2-B.078	ஆகட்டும்	5.57	6.03
TA0681-TA0682_1-A.084	வேதா	0.37	0.69
TA0689-TA0691_1-A.041	அவங்களுக்கும்	1.18	1.81
TA0721-TA0723_2-A.400	வர்றது	1.85	2.16
TA0766-TA0768_2-A.121	சாப்புடுவாங்க	1.11	1.56
TA0775-TA0776_2-B.010	ஏற்காடு	3.16	3.66