000020177	என்பதும்	1.74	2.42
000020177	என்பதும்	6.03	6.66
000020402	அவனது	0.45	1.06
000020402	அவனது	4.5	5.05
000030002	வளர்க்க	5.6	6.029999999999999
000030164	கரி	1.88	2.25
000030164	கரி	7.15	7.5
000030453	கல்லீரல்	3.22	3.83
000050197	மோடின்னு	0.43	0.94
000050197	மோடின்னு	2.05	2.59
000080319	சங்கத்தின்	0.65	1.5899999999999999
000080319	சங்கத்தின்	4.38	4.99
000080425	இடமாற்றம்	3.39	3.9400000000000004
000080425	இடமாற்றம்	4.24	4.8100000000000005
000110117	சாம்பியன்	2.6	3.2
000110117	சாம்பியன்	5.17	5.8
000110145	அரசாங்கத்தின்	4.6	5.35
000110145	யாரையோ	2.41	2.98
000110221	விழ	0.96	1.29
000110221	விழ	1.29	1.58
000110221	விழ	2.32	2.6999999999999997
000110221	விழ	2.7	3.0100000000000002
000110221	விழ	6.26	6.52
000110493	பிரச்சனைக்கும்	1.72	2.63
000120115	சுகமாய்	1.0	1.5
000120115	சுகமாய்	4.19	4.65
000120186	ஆதாம்	1.36	1.8800000000000001
000120224	கொடு	2.7	3.0700000000000003
000120224	கொடு	3.37	3.72
000120283	அமைத்தும்	1.73	2.19
000120283	அமைத்தும்	3.42	3.88
000120416	கம்யூனிஸ்டு	0.99	1.6600000000000001
000120416	கம்யூனிஸ்டு	2.21	2.82
000120441	அனுமதிப்பதில்லை	3.65	4.38
000130063	முதல்வர்களின்	0.87	1.72
000130063	முதல்வர்களின்	3.1	3.92
000130086	சட்டக்கல்லூரி	0.46	1.27
000130086	சட்டக்கல்லூரி	4.53	5.34
000130198	வீரப்பன்	1.05	1.65
000130198	வீரப்பன்	2.48	2.96
000140277	காளை	1.87	2.3200000000000003
000140277	காளை	2.83	3.19
000150413	அனுதாபங்களையும்	9.57	10.43
000160160	எனக்கென்ன	1.47	2.12
000160160	எனக்கென்ன	3.26	3.8499999999999996
000160193	கடனை	1.22	1.5699999999999998
000160193	கடனை	2.95	3.24
000160233	எதிர்ப்பவர்கள்	0.47	1.0699999999999998
000160233	எதிர்ப்பவர்கள்	3.04	3.76
000170029	விடிய	1.87	2.19
000170029	விடிய	2.19	2.5
000170043	இளைஞர்களுக்கும்	5.29	6.25
000170043	இளைஞர்களுக்கும்	7.18	8.02
000170076	போலவும்	2.05	2.54
000170076	போலவும்	3.17	3.62
000170147	உடம்பு	2.13	2.67
000170147	உடம்பு	3.15	3.52
000170358	மாத்திரைகள்	0.99	1.48
000170358	மாத்திரைகள்	2.49	2.97
000170436	தீவு	0.9	1.09
000170468	ரஷ்ய	1.96	2.27
000170468	ரஷ்ய	5.56	5.85
000180387	தருவோம்	1.05	1.54
000180387	தருவோம்	2.0	2.45
000180387	தருவோம்	3.12	3.56
000210037	தமிழர்களிடம்	0.79	1.38
000210037	தமிழர்களிடம்	2.51	3.0999999999999996
000220385	பன்றிக்காய்ச்சல்	1.78	2.39
000230142	வளர	4.12	4.4
000230142	வளர	4.4	4.720000000000001
000230148	இல்லாவிட்டாலும்	2.76	3.63
000230148	இல்லாவிட்டாலும்	6.03	6.75
000230180	வேலையைப்	6.51	7.22
000230180	வேலையைப்	8.46	8.760000000000002
000240002	வீரப்பன்	0.46	0.96
000240035	ஆசி	0.5	0.9
000240035	ஆசி	2.1	2.63
000240038	வெளிநாட்டுக்கு	1.98	2.79
000240038	வெளிநாட்டுக்கு	6.75	7.35
000240052	கொண்டாடுவோம்	8.47	9.200000000000001
000240189	குடு	3.84	4.1899999999999995
000240189	குடு	7.82	8.14
000240347	உங்களது	0.46	0.96
000270185	என்பதும்	1.38	2.02
000270185	என்பதும்	3.95	4.55
000270359	அழைத்துவர	2.03	2.76
000270363	பன்றிக்காய்ச்சல்	0.99	1.76
000280074	இருந்தீங்களா	5.01	5.7299999999999995
000280074	இருந்தீங்களா	6.15	6.79
000280075	அற்புதங்கள்	0.47	1.26
000280233	என்க	3.11	3.67
000280233	என்க	5.15	5.710000000000001
000280477	அதிருப்தியும்	4.93	5.71
000300021	நிலா	1.1	1.4200000000000002
000300021	நிலா	4.17	5.22
000310015	வீடா	0.88	1.4100000000000001
000310015	வீடா	1.8	2.3600000000000003
000310118	குழி	3.4	3.78
000310134	சோகத்தை	0.44	1.5699999999999998
000310134	சோகத்தை	3.67	4.39
000310317	அடுத்தப்	1.25	1.79
000320326	விரைவாக	1.46	2.1
000320326	விரைவாக	3.18	3.85
000330001	கார	1.38	1.64
000330364	சுட	1.02	1.32
000350102	ஆதிக்கத்தை	1.92	2.9
000350284	அவனது	4.8	5.529999999999999
000350341	தொகுதிகளில்	5.04	5.65
000350341	தொகுதிகளில்	7.18	7.74
000360041	மொட்டை	1.03	1.36
000360041	மொட்டை	4.22	4.62
000360090	மொட்டை	1.49	1.83
000360106	வீச்சு	2.32	2.69
000360106	வீச்சு	3.75	4.29
000360202	அவர்களும்	3.48	4.05
000360202	அவர்களும்	5.69	6.19
000360360	அமைப்புடனும்	2.83	3.6
000360449	விசாரித்தனர்	4.67	5.3
000360449	விசாரித்தனர்	5.68	6.369999999999999
000370071	ஆசிரிய	2.5	3.4
000370141	குறைய	3.1	3.56
000370227	மேலாளர்	0.8	1.3
000370227	மேலாளர்	2.03	2.44
000370266	தொலைத்தொடர்பு	1.17	1.7999999999999998
000380234	குறைய	2.75	3.0300000000000002
000380496	விசாரித்தனர்	4.31	4.96
000390086	அவஸ்தை	5.65	6.050000000000001
000390087	குழந்தைப்	0.68	1.1400000000000001
000390087	குழந்தைப்	3.18	3.5700000000000003
000390168	கடனை	1.44	1.89
000390265	அரசையும்	6.53	6.99
000390265	அரசையும்	7.38	7.79
000400116	விரும்பல	2.23	3.01
000400116	விரும்பல	5.03	5.53
000400127	அறிவுறுத்தப்படுகிறது	6.94	8.15
000400319	அதைத்தொடர்ந்து	0.48	1.35
000400346	அசோக	0.46	0.99
000400366	சிறைகளில்	2.16	2.8600000000000003
000400411	ஆக்கிரமிப்பு	4.0	4.72
000400449	உங்களது	0.44	0.88
000400476	கமிஷனர்	1.99	2.5300000000000002
000400476	கமிஷனர்	5.17	5.65
000440231	ஞாயித்துக்கிழமை	1.29	2.21
000440231	ஞாயித்துக்கிழமை	3.47	4.17
000440425	சிதம்பரத்தின்	0.37	1.1600000000000001
000440479	ஆதரவாளர்களை	4.22	5.02
000450010	புள்ளி	1.3	1.69
000450010	புள்ளி	3.87	4.1000000000000005
000450013	அனுசரித்து	0.29	0.9099999999999999
000450053	கொள்ளவும்	7.71	8.14
000450223	நிலா	1.46	1.8199999999999998
000450236	அபராதம்	3.55	4.01
000450334	குடும்பத்திற்கும்	4.36	4.96
000460057	வளர்க்க	1.98	2.33
000460476	அரசையும்	2.31	2.64
000470145	அம்சம்	3.09	3.51
000470210	அடம்	3.33	3.6100000000000003
000470272	கிளிநொச்சி	1.24	1.77
000470272	கிளிநொச்சி	3.53	4.01
000470495	அமைப்புச்	2.54	2.89
000490302	செயலாளர்கள்	1.45	2.08
000490302	செயலாளர்கள்	6.38	6.9
000500012	அதிகரிக்க	1.3	1.9
000500012	அதிகரிக்க	1.9	2.46
000500041	விடுறவனுக்கும்	0.9	1.83
000500041	விடுறவனுக்கும்	2.66	3.48
000500154	அடிக்கிறத	2.01	2.6599999999999997
000500229	பூசி	2.36	2.7399999999999998
000500229	பூசி	3.96	4.32
000500476	அழைப்பின்	4.43	4.99
000510018	ஹா	0.46	0.66
000510018	ஹா	0.66	1.0
000510106	பயமா	4.21	4.74
000520256	பேசத்	1.71	2.12
000520256	பேசத்	3.54	3.92
000530150	அவர்களிடமிருந்து	3.24	4.1000000000000005
000530150	ஹா	0.48	0.6699999999999999
000530150	ஹா	0.7	0.8899999999999999
000530150	ஹா	0.97	1.27
000530253	ஏராளம்	2.6	3.1100000000000003
000530253	ஏராளம்	3.11	3.62
000530431	ஆணையத்திடம்	1.78	2.2800000000000002
000530457	பங்காரப்பா	2.56	3.26
000530457	பங்காரப்பா	3.86	4.52
000540096	அனுஷ்கா	0.47	1.08
000540096	அனுஷ்கா	3.34	3.96
000540142	தூள்	0.45	0.78
000540142	தூள்	1.74	1.99
000540170	இடமாற்றம்	2.9	3.35
000540246	அனுஷ்கா	2.68	3.2300000000000004
000540339	ஆஜராகினர்	5.23	5.98
000540399	வீரப்பன்	4.68	5.16
000540404	காப்பாற்றுங்கள்	0.46	1.22
000540404	காப்பாற்றுங்கள்	1.22	1.93
000540474	கட்சிகளுக்கும்	3.87	4.5
000540474	கட்சிகளுக்கும்	5.02	5.6499999999999995
000550069	கோதுமை	3.11	3.71
000550076	சண்டைகள்	2.97	3.64
000550092	ஜீ	0.35	0.91
000550092	ஜீ	1.55	1.85
000550160	அர்ப்பணிப்பு	3.22	3.99
000550236	சித்திரை	2.07	2.5
000550408	இந்தியாவுக்கும்	4.58	5.33
000550408	இந்தியாவுக்கும்	5.83	6.42
000550419	பகுதியும்	1.55	1.97
000560064	அமைக்கப்பட்டுள்ள	2.01	2.67
000560094	கஷ்டப்படாம	0.45	1.09
000560094	கஷ்டப்படாம	1.74	2.35
000870033	சுடும்	0.84	1.2
000870033	சுடும்	3.39	3.95
000870034	ஆசைப்பட்டாய்	2.51	3.1999999999999997
000870051	புண்ணியம்	4.63	5.17
000870169	அரசியல்வாதிகளை	3.41	4.34
000870204	பாட்டாக	0.97	1.5499999999999998
000870204	பாட்டாக	2.7	3.1300000000000003
000870207	இரட்டையர்	2.6	3.14
000870226	மூழ்குகிறேன்	2.48	3.23
000870226	மூழ்குகிறேன்	3.58	4.3100000000000005
000870308	ஆட்டமிழந்தனர்	5.85	6.72
000870337	தரப்பிலும்	1.42	1.89
000870337	தரப்பிலும்	2.27	2.7800000000000002
000870379	மண்டல	1.3	1.65
000870402	அனுமதியுடன்	1.18	1.74
000870420	தீவு	2.5	3.01
000870420	தீவு	4.07	4.470000000000001
000870435	அமோகமாக	4.49	5.32
000870494	அனுப்பினர்	9.19	9.719999999999999
000880023	அரிசியை	3.11	3.71
000880064	திட்டுனா	3.49	4.26
000880091	எவ்வாறு	1.12	1.5100000000000002
000880091	எவ்வாறு	4.61	5.0
000880117	கபடி	1.82	2.2600000000000002
000880143	இல்லாவிட்டாலும்	1.48	2.2199999999999998
000880143	இல்லாவிட்டாலும்	4.31	5.08
000880202	அறிவதில்	2.19	2.79
000880239	அவளிடம்தான்	2.59	3.62
000880249	அதானி	2.52	3.04
000880250	மதிப்பும்	2.26	2.6799999999999997
000880250	மதிப்பும்	3.9	4.46
000880282	அதன்பேரில்	0.48	1.2
000880285	ஸ்டார்	0.87	1.23
000880285	ஸ்டார்	2.53	2.8899999999999997
000880287	பங்காரப்பா	3.26	4.109999999999999
000880287	பங்காரப்பா	4.52	5.2299999999999995
000880306	அமல்படுத்துவது	1.99	2.74
000880320	அறிவுறுத்த	4.22	4.74
000880358	ஆந்திராவின்	0.63	1.1600000000000001
000880379	விசாரித்தனர்	7.69	8.56
000880383	அனந்தநாக்	0.48	1.18
000880394	அடிபடுவது	5.2	5.84
000880411	ஆகியோரும்	3.42	4.06
000880411	ஆட்டமிழந்ததால்	5.21	6.1899999999999995
000880424	அட்லாண்டா	4.22	4.72
000880424	அலுவலகங்களை	2.64	3.38
000880495	சட்டத்துறை	4.76	5.359999999999999
000880495	சட்டத்துறை	7.21	8.55
000880496	அத்துமீறல்	4.78	5.41
000880498	அமைச்சரை	2.68	3.54
000890004	சண்டைகள்	3.69	4.22
000890008	தமிழர்களிடம்	0.85	1.62
000890018	அழுவுறிங்களே	3.2	3.8400000000000003
000890049	அடிமையாக	1.03	1.82
000890049	ஆங்கிலேயருக்கு	3.11	4.04
000890050	அமிதாப்பைக்	2.49	3.1100000000000003
000890051	அடித்தே	4.99	5.390000000000001
000890111	வளர	0.67	1.1300000000000001
000890111	வளர	1.13	1.5699999999999998
000890118	கருத்தையும்	1.7	2.28
000890149	சுடும்	1.16	1.45
000890149	சுடும்	3.28	3.6599999999999997
000890167	ஆஃப்	3.63	3.9499999999999997
000890282	அதிகரித்தால்	1.57	2.4
000890322	அனிதா	3.26	3.7199999999999998
000890327	சிதம்பரத்தின்	0.45	1.25
000890327	சிதம்பரத்தின்	2.08	2.77
000890348	உங்களது	1.22	1.69
000890348	உங்களது	2.96	3.41
000890362	அரசையும்	1.81	2.35
000890399	அனிருத்	1.08	1.4700000000000002
000890425	மதிப்பும்	3.43	3.87
000890456	அறிவுறுத்துவதைத்	5.02	5.68
000890456	ரஷ்ய	2.14	2.6
000890456	ரஷ்ய	6.9	7.460000000000001
001170017	குழி	3.3	3.65
001170017	குழி	7.56	7.909999999999999
001170142	அவசியமும்	3.52	4.37
001170154	ஆட்சில	1.83	2.5100000000000002
001170340	அலுவலகத்தின்	4.18	5.01
001190004	ஆட்சிகளை	3.13	3.78
001190199	அசைக்க	4.22	4.83
001190300	அம்பலமாகி	4.29	5.15
001200001	அகநாழிகை	1.93	2.56
001200052	அமைப்புகளைத்தான்	2.97	4.1
001200126	அப்பவே	2.81	3.3200000000000003
001200180	அதிகரிக்க	0.85	1.35
001200180	அதிகரிக்க	1.35	1.8800000000000001
001200209	அப்பப்ப	0.45	1.02
001200209	கலகலனு	1.46	2.08
001200209	கலகலனு	4.17	4.859999999999999
001200322	அர்விந்த்	1.82	2.3200000000000003
001200349	சத்யாவை	1.95	2.75
001200352	ஆணையக்	1.84	2.2800000000000002
001200424	அனுப்பப்பட்டு	4.87	5.46
001200437	அணியினரும்	0.66	1.32
001200480	அரசாணையை	4.18	4.84
001200497	அடைக்கப்பட்டுள்ளான்	2.99	3.9000000000000004
001210015	கேடு	2.6	3.02
001210035	புரட்சி	0.45	0.79
001210070	அகத்தின்	0.47	1.0
001210070	அன்பிலும்	2.87	3.66
001210153	தமிழர்களிடம்	1.57	2.6100000000000003
001210464	அலகாபாத்	1.32	1.9300000000000002
001220059	இனப்படுகொலை	0.5	1.4300000000000002
001220085	நிலா	0.84	1.26
001220085	நிலா	3.67	4.09
001220089	அபார	4.98	5.41
001220089	ஆட்டத்தால்	5.41	6.08
001220098	சாந்தி	3.07	3.55
001220103	கேட்பதற்கும்	1.67	2.46
001220103	கேட்பதற்கும்	3.65	4.4799999999999995
001220118	ஆக்கப்பட்டது	4.48	5.25
001220121	அனுஷ்கா	0.48	1.03
001220121	அனுஷ்கா	3.94	4.37
001220121	மறப்போம்	2.06	2.66
001220121	மறப்போம்	4.37	4.93
001220121	மறப்போம்	6.7	7.3100000000000005
001220161	விவாதிக்கின்றனர்	2.14	3.09
001220161	விவாதிக்கின்றனர்	5.02	5.859999999999999
001220161	விவாதிக்கின்றனர்	7.4	8.26
001220217	விழ	2.03	2.4699999999999998
001220240	அபிவிருத்தி	3.43	4.23
001220240	அபிவிருத்தி	5.9	6.66
001220240	சங்கத்தின்	6.66	7.43
001220241	செம	2.37	2.79
001220241	செம	2.79	3.24
001220243	அளவின்றி	0.76	1.3399999999999999
001220461	கொள்ளவும்	2.29	2.8
001220461	கொள்ளவும்	5.29	5.85
001230011	அரைகம்பத்தில்	5.07	5.890000000000001
001230034	அறிவால்அவர்களை	4.03	4.91
001230034	அழகாக்கி	4.91	5.48
001230060	அன்புமணிகளை	3.44	4.4
001230118	கிளிநொச்சி	4.74	5.45
001230205	அரிக்க	0.46	0.89
001230219	விடுறவனுக்கும்	0.9	1.85
001230219	விடுறவனுக்கும்	2.28	3.29
001230229	அறியவில்லை	5.77	6.68
001230260	ஆத்திரமடைகிறார்	1.21	2.38
001230278	செயலாளராக	10.61	11.5
001230278	தொலைத்தொடர்பு	5.21	6.02
001230278	தொலைத்தொடர்பு	9.31	10.16
001230310	ஆதரவாளர்களுக்கிடையே	3.14	4.5
001230317	அண்மை	0.46	0.89
001230342	அமைப்புகளுக்கு	6.74	7.5200000000000005
001230360	கணிதம்	4.4	5.17
001230360	கணிதம்	5.63	6.109999999999999
001230367	ஆச்சரியத்தை	6.91	7.68
001230380	அறிந்தும்	1.75	2.43
001230414	காந்தியும்	3.6	4.1
001230475	தொகுதிகளில்	2.01	2.7299999999999995
001240021	அதான்டா	3.84	4.41
001240284	அகற்றுவது	1.64	2.11
001240316	அழகி	1.65	2.06
001240336	அணிகளுக்கும்	0.83	1.3599999999999999
001240360	இந்தியாவுக்கும்	2.69	3.4699999999999998
001250003	அற்ப	4.49	4.95
001250051	அழகியல்	3.23	3.66
001250072	ஃபிரெஞ்சு	0.45	0.8
001250082	மொட்டை	1.3	1.6
001250098	அதிகமாகவும்	2.28	2.86
001250140	ஆகிக்கொண்டு	1.84	2.31
001250141	எவ்வாறு	1.24	1.57
001250142	அதிகாரத்தில்	2.71	3.2
001250207	எதிர்க்க	1.74	2.24
001250207	எதிர்க்க	2.24	2.6
001250214	அறைந்து	4.13	4.57
001250222	அதிசயமாக	1.22	1.9
001250225	அல்லாஹ்	3.21	3.51
001250262	அறிமுகப்படுத்துவதில்லை	6.53	7.48
001250319	அடிலைட்	2.1	2.46
001250347	அதிகரிக்க	2.0	2.5300000000000002
001250394	ஆச்சரியம்	0.63	1.1099999999999999
001250412	அறிந்தவுடன்	1.29	1.79
001250432	அமர்நாத்	0.35	0.83
001250457	அவலம்	1.14	1.5499999999999998
001250469	அப்துல்கலாமை	2.21	2.7199999999999998
001270021	அவளது	0.43	0.8999999999999999
001270030	சிரித்தால்	1.1	1.6600000000000001
001270030	சிரித்தால்	3.79	4.3
001270035	சுற்றுகிறார்	1.24	1.92
001270035	சுற்றுகிறார்	3.15	3.6399999999999997
001270108	அழகினை	1.78	2.23
001270147	பம்பரம்	1.1	1.6
001270294	அடைந்திருப்பார்கள்	3.38	4.14
001270457	அவருடனும்	1.26	1.87
001280048	அடிச்சிக்கிட்டு	4.84	5.41
001280191	அமையுது	6.35	6.949999999999999
001280199	ஆவல்	2.45	2.71
001280232	அழைக்கப்பட்ட	2.0	2.68
001280407	ஆண்டாண்டு	0.47	0.99
001280421	நடந்ததா	0.98	1.5
001290007	அடித்தளம்	5.31	5.77
001290055	கவலைக்கு	0.41	0.8799999999999999
001290055	கவலைக்கு	2.09	2.6799999999999997
001290243	அறிவாளிகளும்	1.69	2.34
001290272	அனு	3.0	3.23
001290285	பேசுவார்கள்	1.87	2.56
001290285	பேசுவார்கள்	2.83	3.42
001290467	அவற்றில்	1.6	2.0300000000000002
001300202	ஆகிறது	3.02	3.6
001300279	அமைப்பினரும்	4.72	5.29
001300401	விசாரித்தனர்	6.77	7.58
001300411	ஆடத்	1.5	1.81
001300459	அடைக்கப்பட்டிருந்தன	3.92	5.0
001300467	அலுவலகங்களிலும்	4.69	5.510000000000001
001300467	மண்டல	4.34	4.6899999999999995
001320020	அதிமுகவுக்கே	3.67	4.7
001320089	அறிவிப்பில	0.56	1.1600000000000001
001320112	வந்தவனும்	1.15	1.8699999999999999
001320112	வந்தவனும்	2.71	3.28
001320120	அமிழ்து	0.47	0.96
001320120	அமிழ்து	0.96	1.33
001320153	அதிகமாம்	4.19	4.710000000000001
001320231	சொல்லி	3.17	3.61
001320231	சொல்லி	3.61	4.03
001320302	காரில்	1.0	1.43
001320338	விரைவாக	4.74	5.3500000000000005
001320413	அவ்வாறெல்லாம்	0.94	1.67
001360032	புடிச்சி	2.75	3.46
001360032	புடிச்சி	6.64	7.0
001360105	கட்சிகளையும்	3.7	4.5600000000000005
001360105	கட்சிகளையும்	5.63	6.4
001360216	அலைகடல்	4.1	4.7299999999999995
001360226	புரிஞ்சிக்க	2.83	3.29
001360226	புரிஞ்சிக்க	9.62	10.12
001360242	ஆண்டவா	5.62	6.44
001360291	அர்ஜென்டினா	0.48	1.28
001360304	ஆதரிக்கிறேன்	5.71	6.71
001360361	ஆகவில்லை	7.69	8.47
001360409	அவனது	0.47	0.96
001360452	அரவக்குறிச்சி	9.13	10.49
001360456	ஆட்டுக்	3.39	3.72
001370043	அலுத்துக்கொண்டான்	7.26	8.16
001370043	தேடோ	4.0	4.43
001370043	தேடோ	4.43	5.06
001370048	ஆசிரமம்	1.11	1.6700000000000002
001370145	பெயரால்	2.5	2.89
001370145	பெயரால்	3.38	3.8
001370179	ஆண்களுக்குமே	0.87	1.5699999999999998
001370186	குழி	5.1	5.319999999999999
001370223	சிவப்பு	1.53	2.0
001370223	சிவப்பு	3.35	3.7800000000000002
001370223	சிவப்பு	4.99	5.45
001370237	போவதும்	2.92	3.35
001370273	அவசரநிலை	0.46	1.06
001370320	அவசியமாகிறது	3.43	4.3
001370359	அடைக்கப்பட்டிருந்தார்	4.81	5.789999999999999
001380086	அபாண்டமான	3.01	3.7399999999999998
001380262	அறியாதவர்கள்	5.05	5.63
001380268	அப்துல்லா	4.86	5.430000000000001
001380311	அமெரிக்காவை	2.35	2.94
001400157	நாக	2.78	3.1599999999999997
001400185	அல்வா	2.01	2.46
001400208	எதிரானவன்	1.31	1.96
001400208	எதிரானவன்	2.93	3.31
001400296	அறிவுசார்	3.34	4.01
001400296	இல்லத்தை	2.45	3.0500000000000003
001400497	அமைக்கப்படுகிறது	4.79	5.62
001410018	புண்ணியம்	5.51	5.9399999999999995
001410020	அட்டைகள்	5.47	6.16
001410046	வருக	0.38	1.06
001410046	வருக	1.06	1.55
001410131	அண்பு	0.81	1.27
001410198	ஆசானாய்	5.46	6.53
001410247	அதிகாரிகளா	5.57	6.46
001410273	கட்சிகளுக்கும்	2.1	2.87
001420047	அதனுடன்	6.35	6.76
001420098	அடங்கிப்போனது	3.42	4.17
001420098	அடியோடு	2.98	3.42
001420109	தந்தவன்	2.7	3.33
001420109	தந்தவன்	3.85	4.46
001420109	தந்தவன்	4.85	5.43
001420109	தந்தவன்	5.83	6.35
001420195	அவனது	5.84	6.2
001420271	அரசியலாக்கக்	1.81	2.48
001420280	அரசுகளின்	1.64	2.2
001450019	அதிசயம்	0.82	1.43
001450061	குழி	2.09	2.33
001450160	அடங்கியுள்ளது	3.96	4.65
001450197	உடம்பு	11.29	11.75
001450200	காரில்	0.46	0.97
001450281	ஆட்சேபனை	3.44	4.32
001460022	கடலை	2.26	2.6399999999999997
001460040	போவதும்	1.82	2.43
001460040	போவதும்	3.77	4.24
001460070	அதிகாம	0.48	1.01
001460071	குடு	3.68	4.04
001460071	குடு	6.91	7.25
001460075	பெயரால்	0.95	1.38
001460142	மிருகமும்	1.5	2.2
001460142	மிருகமும்	3.9	4.63
001460143	எனக்கென்ன	2.24	3.1300000000000003
001460148	ஆசைய	3.41	3.91
001460153	சிரித்து	1.91	2.29
001460175	இனப்படுகொலை	4.22	5.1
001460241	அந்தரங்கம்	2.02	2.8
001460246	நிமிடம்	5.71	6.12
001460248	அழியாது	2.43	3.16
001460279	அழைக்கச்	7.25	7.74
001460280	சுட	1.5	2.2800000000000002
001460326	அசம்பாவிதம்	5.53	6.33
001460372	அறிவிப்போம்	3.74	4.37
001500012	குறைப்பது	1.82	2.25
001500024	எடுப்பாரு	3.72	4.36
001500024	எடுப்பாரு	6.84	7.35
001500110	அதீதமாய்	0.48	1.06
001500134	ஆசிரியர்களிடம்	1.75	2.36
001500137	உயிரினம்	2.43	3.0
001500139	போஸ்டர்	1.11	1.52
001500139	போஸ்டர்	2.76	3.1599999999999997
001500221	திட்டுனா	0.81	1.27
001500228	நாற்பதில்	0.92	1.4700000000000002
001500228	நாற்பதில்	2.91	3.46
001500270	பன்றிக்காய்ச்சல்	0.91	1.6099999999999999
001500270	பன்றிக்காய்ச்சல்	1.83	2.46
001500285	அடாவடியை	1.34	1.92
001500334	வேட்டி	4.73	5.12
001500334	வேட்டி	5.52	5.89
001500362	கொள்ளவும்	2.76	3.21
001500401	இறுதிக்குள்	2.83	3.41
001500401	இறுதிக்குள்	3.54	3.99
001500446	அழைப்பிதழ்	5.66	6.11
001500477	அடைத்து	5.47	5.819999999999999
001500494	அதிருப்தியில்	4.64	5.14
001520123	ஆசைகளும்	1.27	1.78
001520134	கேடு	1.3	1.6300000000000001
001520134	கேடு	1.63	1.9899999999999998
001520146	அஜித்திற்க்கு	0.79	1.48
001520226	அப்பாவிகளை	0.47	1.1099999999999999
001520230	பட்ஜெட்	0.89	1.31
001520230	பட்ஜெட்	3.69	4.07
001520285	ஆசி	4.02	4.289999999999999
001520358	அலுவகத்தில்	4.45	5.09
001520459	குறைப்பது	3.11	3.62
001520459	குறைப்பது	4.88	5.45
001520489	சிதம்பரத்தின்	0.47	1.0699999999999998
001520496	விடிய	1.09	1.4000000000000001
001520496	விடிய	1.4	1.64
001530014	அர்த்தமற்றுப்	4.45	5.05
001530020	எதையோ	1.74	2.12
001530020	எதையோ	2.82	3.17
001530021	அதிர	4.33	4.59
001530095	அறிவான	1.43	1.98
001530124	வெட்டுவது	0.75	1.15
001530124	வெட்டுவது	4.83	5.24
001530125	அண்ணியாரும்	1.37	1.96
001530125	அன்பிலார்	4.19	4.720000000000001
001530125	அவர்களும்	3.4	3.92
001530125	அவர்களும்	5.15	5.640000000000001
001530141	அடிப்பேன்	1.0	1.4
001530276	காரில்	0.45	0.9299999999999999
001530276	காரில்	3.48	3.89
001530283	ஆண்டுதான்	0.72	1.49
001530322	அரும்பாக்கத்தில்	1.13	1.8199999999999998
001530379	ஆசையை	4.05	4.43
001530406	அத்தோடு	0.47	0.95
001530412	அவருக்கும்	0.77	1.27
001530464	அளிக்காததால்	6.23	6.9
001530491	கட்சிகளுக்கும்	2.25	2.94
001540001	திட்டுனா	2.99	3.5
001540001	திட்டுனா	4.6	5.01
001540074	நிலா	0.46	1.01
001540135	ஆண்களாகத்தானே	3.35	4.24
001540166	ஆடம்பர	1.56	2.13
001540172	அடைத்தார்களோ	5.03	5.78
001540172	கடனை	2.26	2.69
001540172	கடனை	4.21	4.57
001540208	அடைக்கலம்	1.8	2.43
001540222	அமைவது	2.34	2.87
001540233	குமுறு	3.5	3.89
001540233	குமுறு	3.89	4.37
001540250	சிறைகளில்	1.9	2.44
001540268	ஆணையகம்	1.22	1.7999999999999998
001540310	கொள்ளவும்	3.1	3.6
001540353	அடுக்கம்பாறை	3.5	4.34
001540365	அறிவுறுத்தல்	3.58	4.12
001540377	மண்டல	4.42	4.8
001540377	மண்டல	5.53	5.9
001540401	எவ்வாறு	0.82	1.29
001540482	அரசியலையும்	1.59	2.24
001540493	அஸ்தியை	0.94	1.42
001560030	போறதில்ல	1.7	2.45
001560030	போறதில்ல	3.58	4.21
001560059	அமர	1.63	2.16
001560116	அந்திப்	2.53	2.92
001560118	உங்களது	2.73	3.2199999999999998
001560175	இனப்படுகொலை	5.13	5.97
001560193	அழுகையின்	6.4	7.08
001560233	அருவருப்பை	3.95	4.54
001560269	இரட்டையர்	0.46	1.06
001560269	இரட்டையர்	3.81	4.3
001560297	அமல்படுத்தப்பட	5.01	5.91
001560312	அலையாக	1.88	2.5
001560363	அப்பெண்ணைத்	1.18	1.8399999999999999
001560409	அனுமதிக்கப்பட்டால்	3.57	4.74
001560428	அதிகரிப்பது	5.58	6.36
001570071	அன்னை	4.91	5.23
001570101	அல்லாஹ்	1.07	1.4700000000000002
001570101	அல்லாஹ்	3.97	4.37
001570118	அடிக்கிற	1.29	1.73
001570152	ஆட்டகாரங்கள	0.96	1.8900000000000001
001570162	வாழவேண்டும்	0.99	1.5699999999999998
001570162	வாழவேண்டும்	3.38	3.94
001570192	ஆணி	2.12	2.58
001570202	அப்பாற்பட்டவரல்ல	5.32	6.46
001570257	ஒருவழியாக	0.44	1.13
001570257	ஒருவழியாக	3.64	4.32
001570306	மாநிலங்களின்	1.45	2.05
001570306	மாநிலங்களின்	3.88	4.4799999999999995
001570345	அலட்டிக்	3.16	3.5
001570381	அமல்படுத்தியது	6.4	7.24
001570440	அளித்தும்	4.37	4.7
001570481	குடும்பத்திற்கும்	0.95	1.89
001570481	குடும்பத்திற்கும்	2.84	3.5
001600003	வீரமான	0.46	0.88
001600003	வீரமான	1.53	2.01
001600039	ராட்சசி	2.38	2.94
001600039	ராட்சசி	3.16	3.73
001600061	அக்காள்	2.8	3.2199999999999998
001600061	சித்தப்பா	5.08	5.61
001600061	பெரியப்பா	5.61	6.1000000000000005
001600148	புரியாமல்	0.44	1.0
001600148	புரியாமல்	3.0	3.54
001600183	பிடித்தவள்	1.33	1.84
001600183	பிடித்தவள்	3.54	4.02
001600213	அலைபாயுது	4.36	4.970000000000001
001600243	நிமிடம்	0.86	1.19
001600245	வேனாலும்	1.91	2.52
001600245	வேனாலும்	3.27	3.74
001600420	அன்பையும்	4.34	4.81
001600444	அணுகியுள்ளார்	3.13	3.7199999999999998
001600468	மரியாதையை	1.08	1.79
001600468	மரியாதையை	2.2	3.0
001600500	தூரத்தில்	0.48	1.06
001600500	தூரத்தில்	2.31	2.71
001600500	தூரத்தில்	4.77	5.13
001610027	அள்ள	0.46	0.89
001610027	அள்ள	0.89	1.3
001610042	சம்மந்தம்	5.84	6.4799999999999995
001610046	புரட்சி	1.57	1.9300000000000002
001610051	புள்ளி	4.08	4.51
001610067	வீரமான	0.4	1.1099999999999999
001610067	வீரமான	1.92	2.55
001610068	அழுகைக்கு	0.98	1.51
001610099	அருந்தும்	1.72	2.09
001610120	அடிமைகள்	1.53	1.99
001610125	அலுவல்கள்	1.05	1.59
001610173	சொன்னத	0.51	1.01
001610173	சொன்னத	4.2	4.640000000000001
001610215	எழுதுகிறோம்	0.81	1.44
001610215	எழுதுகிறோம்	3.99	4.59
001610340	செயலாளராக	2.29	3.05
001610340	செயலாளராக	5.52	6.199999999999999
001610367	அவையை	2.48	2.93
001610374	அக்டோபர்	1.49	2.0
001610400	அக்கூட்டணியில்	1.32	2.04
001610413	மரியாதையை	4.56	5.26
001610424	எதையோ	3.94	4.31
001610452	அமைப்புகளைச்	2.85	3.35
001610471	அவசரக்	3.81	4.2
001610490	வெளிநாட்டுக்கு	3.17	3.7399999999999998
001620029	அடிச்சார்	1.75	2.13
001620056	இனப்படுகொலை	0.87	1.48
001620056	இனப்படுகொலை	1.48	2.09
001620090	சொன்னாங்களா	2.8	3.53
001620138	ஆவல்	2.97	3.3200000000000003
001620162	அரசியல்தான்	5.69	6.33
001620258	அறிவிக்கப்பட்டிருந்தது	4.37	5.46
001620277	அவனது	1.37	1.7200000000000002
001620301	ஆகியவற்றால்	4.81	5.33
001620369	அதிகரிக்கக்கூடும்	4.83	5.53
001620381	அமைப்புகளால்	6.15	6.67
001630020	தூதுவர்கள்	2.37	2.97
001630020	தூதுவர்கள்	5.33	5.92
001630079	கழுவி	1.97	2.33
001630079	கழுவி	2.33	2.63
001630083	அதனினும்	2.09	2.6399999999999997
001630095	அடே	0.48	0.75
001630175	பிடித்தவள்	1.53	2.23
001630175	பிடித்தவள்	3.58	4.13
001630243	அன்றைக்கு	3.18	3.6100000000000003
001630255	ஆணையத்திடம்	3.21	3.95
001630260	ஆட்சிக்காலத்தில்	2.29	3.04
001630261	அமனத்	2.04	2.61
001630305	இறுதிக்குள்	1.05	1.6
001630308	காந்தியும்	2.52	3.05
001630332	சங்கத்தின்	0.88	1.6
001630332	சங்கத்தின்	3.31	3.83
001630420	அடுக்குமாடிக்	1.81	2.44
001630437	ஆதரவளிக்கப்	6.49	7.140000000000001
001630444	அமளியாக	4.3	4.92
001630482	அளவிலேயே	2.16	2.72
001630491	அவதாரங்களில்	3.04	3.74
001640007	ஆதரவற்ற	3.8	4.34
001640021	வல்லரசு	0.43	1.02
001640021	வல்லரசு	2.75	3.17
001640060	நிலா	1.67	2.01
001640162	அழித்திடுவோம்	2.86	3.5599999999999996
001640236	குத்தமா	1.67	2.15
001640236	குத்தமா	4.03	4.46
001640252	அளித்தல்	3.83	4.26
001640271	விடுகிறார்	2.93	3.25
001640271	விடுகிறார்	3.82	4.24
001640367	இல்லாவிட்டாலும்	1.92	2.53
001640378	ஆடுகளை	4.97	5.3999999999999995
001640494	அளிக்கவும்	3.57	4.1
001700001	அவர்களுக்கும்	2.02	2.56
001700011	அன்பைவிட	0.49	1.04
001700024	ஆட்சியாளர்	2.92	3.41
001700110	அண்ண்ன்	0.93	1.34
001700111	அவளுடைய	1.7	2.05
001700129	ஆட்சியைப்	1.76	2.16
001700133	யாரையோ	0.65	1.13
001700181	இனப்படுகொலை	0.48	1.17
001700324	அதேபோன்ற	0.48	1.06
001700344	கோவில்களிலும்	1.15	1.69
001700344	கோவில்களிலும்	2.4	2.9699999999999998
001700370	அமர்ந்திருந்தனர்	5.15	5.890000000000001
001700380	அமைப்பும்	0.73	1.05
001700394	அரசியலையே	2.95	3.46
001700396	அறிவிக்கப்பட்டிருந்த	2.82	3.51
001720020	விடிய	0.4	0.76
001720020	விடிய	0.76	1.02
001720037	செயலாளர்கள்	2.37	2.96
001720049	படத்துக்காக	1.17	1.93
001720049	படத்துக்காக	4.08	4.68
001720098	சொன்னத	1.81	2.21
001720146	மரியாதையை	1.98	2.75
001720169	அசிங்கம்	0.88	1.29
001720207	சுந்தர்	0.5	0.97
001720207	சுந்தர்	3.16	3.48
001720210	அபாயகரமானதோ	3.38	4.43
001720211	அப்பிணங்களை	2.39	3.0300000000000002
001720216	அப்பாவிற்கு	0.79	1.42
001720219	த்தூ	3.97	4.08
001720219	த்தூ	4.08	4.17
001720238	படத்துக்கும்	0.64	1.19
001720260	கல்லீரல்	3.35	3.93
001720272	அனுமதிக்கப்படவில்லை	3.0	3.95
001720290	கமிஷனர்	3.63	4.15
001720300	அரசிடமிருந்து	2.08	2.75
001720341	ஆட்டோக்கள்	5.26	5.859999999999999
001720431	கிளிநொச்சி	1.07	1.86
001720440	மண்டல	4.67	5.06
001720440	மண்டல	5.75	6.08
001720492	அமர்ந்திருப்பவர்களில்	4.63	5.55
001720500	அதிகாலையில்	2.01	2.6599999999999997
001730017	அணைகட்ட	0.7	1.19
001730032	விழ	1.52	2.0
001730042	அதிபரை	0.92	1.29
001730042	எதிர்க்க	1.29	1.6400000000000001
001730042	எதிர்க்க	1.64	1.89
001730061	அளவுகோல்	3.81	4.29
001730063	வேட்டி	3.61	3.9499999999999997
001730078	அலைக்கழித்தவர்	1.79	2.43
001730091	கழுவி	2.11	2.46
001730091	கழுவி	2.46	2.76
001730112	ஆச்சர்யபடுறதுக்கு	3.65	4.42
001730122	புரட்சி	1.77	2.14
001730164	அஜீத்தின்	1.36	1.83
001730256	நிமிடம்	0.36	0.74
001730256	நிமிடம்	1.25	1.57
001730257	அறிக்கைகள்	2.08	2.48
001730273	கருத்தையும்	1.93	2.42
001730273	கருத்தையும்	3.12	3.52
001730293	அந்நாட்டில்	0.63	1.12
001730317	ஆதர்ஷ்	4.1	4.47
001730325	சத்யாவை	0.18	0.6799999999999999
001730325	சத்யாவை	4.65	5.140000000000001
001730335	குழந்தைப்	2.55	2.9499999999999997
001730351	காப்பாற்றுங்கள்	0.16	0.8
001730351	காப்பாற்றுங்கள்	0.8	1.4100000000000001
001730407	வாழவேண்டும்	3.78	4.32
001730416	அருகிலுள்ள	0.76	1.15
001730419	அறைக்குள்	6.75	7.1
001730434	அழகிரியும்	2.07	2.57
001730444	ஆஜர்படுத்தப்பட்டார்	7.94	8.950000000000001
001730457	கொள்ளவும்	2.57	2.96
001730461	அரசாணை	3.83	4.23
001740094	செயலாளர்கள்	4.33	5.04
001740107	ஆசைப்படுவது	2.22	2.93
001740118	அங்கிட்டு	4.1	4.54
001740130	அசாமில்	0.93	1.53
001740175	தோசையின்	2.42	3.0
001740175	தோசையின்	4.58	5.12
001740230	சித்திரை	2.18	2.5900000000000003
001740262	அனுமதிக்கப்பட்டுள்ளார்	2.67	3.69
001740277	அதிர்ச்சித்	5.32	5.74
001740295	போவதும்	2.53	3.05
001740297	அகற்றிவிட்டோம்	2.88	3.71
001740322	அவற்றின்	5.1	5.52
001740329	அழைக்கப்பட்டாரா	2.88	3.91
001740348	தருவோம்	3.71	4.15
001740362	அழைப்பிதழுக்குக்	2.32	3.0999999999999996
001740420	அறிவிக்கையை	1.09	1.7200000000000002
001740455	ஆட்சியமைத்து	4.83	5.63
001740485	அலுவலர்	4.28	4.7
001750021	அனுமதிக்கறதே	2.79	3.51
001750059	ஆடிட்டர்	1.4	1.8399999999999999
001750084	அடிபணியாது	2.7	3.41
001750086	செயலாளராக	1.5	2.38
001750143	அனிச்சையாக	2.08	2.7600000000000002
001750352	அடிப்படையில்தான்	3.49	4.08
001750368	அறிமுகப்படுத்தப்படலாம்	1.5	2.44
001750379	பாம்பன்	2.57	3.05
001750395	அம்மாணவிகள்	0.48	1.12
001750449	இல்லத்தை	1.25	1.6
001750468	அனுமதியை	3.82	4.21
001750479	மதிப்பும்	2.27	2.63
001770013	அஇஅதிமுக	3.37	4.29
001770051	அர்ப்பணித்துத்	2.5	3.15
001770060	அதிகமாய்	1.65	2.2
001770095	அப்துல்லா	7.08	7.640000000000001
001770108	அருவிகளில்	3.25	3.84
001770134	அவனிடம்	3.13	3.57
001770153	அம்மாவென்று	4.13	4.76
001770153	அழைக்கிறேன்	4.76	5.3999999999999995
001770165	முட்டாளும்	0.87	1.42
001770165	முட்டாளும்	5.21	5.67
001770200	அவளோட	0.47	0.98
001770200	அவளோட	2.18	2.6500000000000004
001770241	அப்பழுக்கற்ற	2.28	3.0999999999999996
001770281	அக்லக்கின்	1.94	2.98
001770290	எதையோ	1.21	1.71
001770297	ஆட்சியாளர்கள்	1.75	2.64
001770340	அரசாக	1.98	2.46
001770351	அடுத்துள்ள	4.11	4.67
001770372	அப்துல்லா	4.44	4.8500000000000005
001770390	போட்டிகளிலும்	0.9	1.58
001770390	போட்டிகளிலும்	2.14	2.83
001770406	அழைத்துள்ளது	4.14	4.819999999999999
001770417	சோகத்தை	2.89	3.39
001780002	நிமிடம்	1.32	1.6800000000000002
001780025	புரிலன்னு	0.36	0.94
001780025	புரிலன்னு	3.79	4.3
001780050	சாந்தி	3.49	3.9200000000000004
001780050	சாந்தி	3.92	4.38
001780050	சாந்தி	4.38	4.74
001780088	அசீத்	2.28	2.59
001780120	அடிச்சிருக்காங்க	3.45	4.220000000000001
001780132	ஆக்கிரமித்து	5.62	6.23
001780146	மிருகமும்	1.81	2.34
001780146	மிருகமும்	3.02	3.44
001780147	ஆட்களுக்காக	1.65	2.19
001780151	வளர	3.97	4.33
001780161	அப்பாவுக்கு	1.51	2.02
001780204	வேலையைப்	1.12	1.4900000000000002
001780210	ஃபாலோ	2.01	2.26
001780236	அமைப்பதை	1.63	2.02
001780262	அந்தவகையில்	0.47	0.96
001780271	மதிப்பும்	2.67	3.05
001780283	அம்பானியின்	1.05	1.53
001780297	அமரவீர	7.27	7.85
001780297	அரசுடமையாக்கப்படும்	3.59	4.65
001780337	அதிகாரப்	2.41	2.7800000000000002
001780370	அளிக்கிறோம்	3.98	4.35
001780374	இந்தியாவுக்கும்	1.27	1.7
001780402	ஆட்சிக்கே	1.43	1.7999999999999998
001780414	விசாரித்தனர்	4.11	4.78
001780424	அளித்ததுடன்	3.26	3.8299999999999996
001780424	ஆஜராவதிலிருந்தும்	5.51	6.58
001780437	அக்ரஹாரா	5.05	5.62
001780452	அவர்களுக்காகவே	0.48	1.15
001780452	அவைக்கு	3.82	4.12
001780464	பட்ஜெட்	1.5	1.94
001780465	ஆசி	5.2	5.5600000000000005
001780481	அச்சிறுமி	1.21	1.6
001790063	அசிங்கம்	2.92	3.31
001790069	அவனே	4.82	5.2700000000000005
001790081	ஆட்டிப்படைக்கின்ற	1.02	1.81
001790086	அவமானப்படறது	2.09	2.9699999999999998
001790116	ஆசைப்பட்டால்	4.42	5.0
001790150	கொடு	5.48	5.82
001790257	அமைப்பினராக	2.59	3.34
001790260	அகாடாவின்	1.97	2.58
001790262	அடிவாங்காமல்	2.79	3.62
001790296	சங்கத்தின்	3.2	3.99
001790302	பன்றிக்காய்ச்சல்	3.84	4.62
001790352	அப்பீலாகும்	6.7	7.37
001790367	வேட்டி	6.06	6.55
001790368	அதிகாரிகளைத்	4.76	5.42
001790380	அடைக்கப்பட்டன	8.96	9.72
001790380	அணைக்கரை	6.33	6.93
001790385	அழகிரிக்கு	5.18	5.609999999999999
001790403	அதிகமாகி	3.85	4.51
001790410	கமிஷனர்	2.15	2.76
001790414	காரில்	0.98	1.29
001790462	ஆசியுடன்	3.23	3.73
001790466	கமிஷனர்	2.18	2.71
001790473	அளவைத்	7.39	7.7299999999999995
001790492	அனுமதிக்கப்படாதது	6.1	7.029999999999999
001910011	அள்ளித்	1.66	1.94
001910101	அகங்காரம்	3.22	3.95
001910163	அவர்கள்மேல்	3.29	4.0600000000000005
001910173	ஹா	0.45	0.5800000000000001
001910173	ஹா	0.58	0.77
001910173	ஹா	0.77	1.1
001910174	இடமாற்றம்	2.71	3.41
001910239	அமைகிறது	5.86	6.53
001910246	வல்லரசு	3.04	3.62
001910252	அப்புறப்படுத்தவேண்டும்	4.8	5.97
001910316	அலுவலகத்தைக்	3.98	4.87
001910345	ஜே	3.5	3.87
001910352	ஜே	11.99	12.32
001910375	பிரதீப்	1.73	2.12
001910405	அவ்விமானம்	2.25	2.9
001910406	ஆசிர்வாதங்களை	2.18	3.13
001910406	உங்களது	1.61	2.18
001910407	மாநிலங்களின்	2.84	3.73
001910427	அறிவிப்புக்கு	0.85	1.5
001910468	அனுஷ்கா	3.29	3.97
001920006	அன்னையின்	0.48	1.1600000000000001
001920068	அந்திப்பொழுது	1.41	2.4299999999999997
001920085	இருக்கவங்க	2.82	4.08
001920115	குழந்தைப்	0.71	1.21
001920115	குழந்தைப்	4.08	4.61
001920143	அலைகள்	1.56	2.19
001920161	குறைய	1.03	1.69
001920184	அதிசயமோ	2.74	3.58
001920266	நிமிடம்	4.72	5.43
001920292	அழிக்கப்பட்டுவிட்டன	9.35	10.74
001920309	அண்ணாமலைபுரம்	1.43	2.84
001920354	பன்றிக்காய்ச்சல்	1.7	2.6799999999999997
001920431	அணியைச்	0.95	1.5499999999999998
001920437	ஜே	8.76	8.98
001920455	அடைந்ததும்	6.4	7.12
001920476	அவதிப்பட்ட	3.15	3.9699999999999998
001930012	அதிசயமா	4.72	5.47
001930095	அக்கறையான	2.98	3.71
001930109	அதுக்குமேல	3.47	4.15
001930148	மண்டல	3.07	3.52
001930166	கரி	1.63	1.94
001930166	கரி	5.78	6.16
001930195	அணைபோட்டு	1.22	2.17
001930335	நடந்ததா	1.21	1.72
001930335	நடந்ததா	2.44	2.78
001930346	அழைத்தாலும்	1.89	2.53
001930409	எருமை	2.64	3.2600000000000002
001930409	எருமை	6.16	6.57
001930413	அதிலிருந்து	0.48	1.0899999999999999
001930442	அஞ்சுகிறார்	4.76	5.39
001940048	கவலைக்கு	0.42	0.87
001940048	கவலைக்கு	2.22	2.7
001940053	அத்துமீறலை	1.75	2.35
001940078	அல்லாஹ்	0.99	1.3599999999999999
001940078	அல்லாஹ்	3.24	3.5500000000000003
001940107	குடம்	0.66	0.93
001940107	குடம்	1.81	2.04
001940111	அல்போன்ஸ்	3.24	3.9200000000000004
001940140	ஆடைக்குள்	0.48	0.98
001940198	உயிரினம்	2.57	3.01
001940241	அருகம்	0.47	0.8799999999999999
001940262	இல்லாவிட்டாலும்	3.17	4.1
001940281	அமைப்புக்குழு	2.24	2.9800000000000004
001940294	அழித்தனர்	4.13	4.66
001940303	தீவு	1.47	1.64
001940310	பகுதியும்	1.27	1.78
001940311	அனுப்பப்பட்டனர்	3.08	3.81
001940317	அடல்	4.64	5.029999999999999
001940326	அர	1.4	1.5999999999999999
001940332	அமைக்கவில்லை	3.98	4.67
001940333	ஆகியவற்றிலும்	2.9	3.54
001940356	ஜே	2.21	2.48
001940356	ஜே	2.48	2.68
001940384	அனுஷ்மன்	0.97	1.8399999999999999
001940395	அவதூறாகப்	3.42	4.04
001940397	ஆண்டுக்கான	1.19	1.9
001940449	இடமாற்றம்	2.37	2.89
001940482	எதிர்ப்பவர்கள்	0.86	1.54
001940497	அவ்வளவுதான்	2.8	3.4099999999999997
001960003	அணில	3.18	3.62
001960003	அப்பன	0.62	1.05
001960022	வேஷம்	1.15	1.6199999999999999
001960022	வேஷம்	3.28	3.76
001960045	அதவே	3.08	3.6100000000000003
001960049	தூரத்தில்	0.46	0.9
001960135	சிவப்பு	0.46	0.99
001960225	அலப்பறை	4.8	5.41
001960332	இறுதிக்குள்	6.12	6.85
001960470	இரட்டையர்	0.73	1.24
001980167	நாக	1.19	1.6199999999999999
001980176	கண்ணு	2.23	2.51
001980191	காந்தியும்	2.8	3.1999999999999997
001980191	காந்தியும்	3.63	4.06
001980231	அடையாத	2.85	3.48
001980253	அங்காடிகளை	0.69	1.3599999999999999
001990273	அளிக்கப்	2.97	3.45
001990347	அறுவடை	0.77	1.19
002000043	தமிழர்களிடம்	0.9	1.38
002000054	புண்ணியம்	2.73	3.12
002000063	கடலை	0.47	0.79
002000063	கடலை	2.39	2.72
002000109	ஆணிடம்	1.6	1.9500000000000002
002000115	அப்பன்	0.48	0.77
002000136	சட்டி	0.44	0.73
002000139	அவிஞ்ச	1.68	1.96
002000282	அலுவலகங்கள்	2.06	2.6100000000000003
002000471	ஊமை	1.19	1.45
002010043	அலுவலகத்து	0.73	1.13
002010052	காய்கறி	3.4	4.09
002010055	அவதிப்படும்	2.78	3.34
002010076	அயோத்தியில்	0.46	0.94
002010108	ஆதரவுக்குரல்கள்	2.79	3.69
002010121	புண்ணியம்	0.44	0.81
002010121	புண்ணியம்	1.19	1.56
002010137	அனுமதியளித்து	1.2	1.8199999999999998
002010140	மதிப்பும்	1.62	1.98
002010140	மதிப்பும்	2.91	3.5100000000000002
002010149	அறிமுக	2.22	2.5700000000000003
002010219	ஆவல்	1.19	1.45
002010219	ஆவல்	2.3	2.71
002010340	ஆக்குவது	2.86	3.26
002010401	அடைக்கப்பட்ட	1.4	1.8499999999999999
002010452	குழி	3.21	3.37
002010474	அடைத்தனர்	2.98	3.63
002010482	ஆட்சியையும்	0.67	1.21
002010482	ஆண்டுகளை	1.65	2.17
002010485	அதிமுகவினருக்கு	2.16	2.92
002010488	அமல்படுத்தும்	2.03	2.8099999999999996
002020061	அசிங்கம்	2.63	3.33
002020061	அசிங்கம்	5.41	5.890000000000001
002020110	அர்த்த	2.09	2.76
002020115	அன்றும்	1.42	1.8499999999999999
002020118	அனிச்சையாய்	1.28	1.9
002020150	அமையட்டும்	3.55	4.279999999999999
002020220	அறியாத	0.48	0.96
002020449	அனுமதிப்பதற்கு	2.02	2.66
002030066	அழிக்கப்படுகிறது	5.14	6.289999999999999
002030086	சண்டைகள்	3.29	3.75
002030098	அருள்மிகு	1.12	1.53
002030137	கொடு	4.31	4.56
002030177	அதிகமாக்க	2.36	3.0
002030177	அரிதாயினும்	0.91	1.51
002030180	வீச்சு	3.95	4.49
002030282	அவைக்	0.94	1.21
002030319	அவனியாபுரம்	3.72	4.46
002030338	பிற்படுத்தப்பட்டோர்	2.34	3.27
002030338	பிற்படுத்தப்பட்டோர்	3.66	4.51
002030370	பிரதீப்	0.71	1.0699999999999998
002030393	ஆதாரத்தை	0.47	1.02
002030410	விடிய	2.38	2.71
002030410	விடிய	2.71	2.99
002030424	ஆசியாவின்	0.71	1.2799999999999998
002030454	அலுவலர்கள்	2.49	2.91
002030491	அலுவலகங்களுக்கு	3.09	3.9099999999999997
002040027	கேடு	0.98	1.28
002040027	கேடு	1.28	1.61
002040045	அசைத்து	2.71	3.13
002040051	ஆஞ்சனேயர்	3.0	3.49
002040102	அலங்காநல்லூர்	0.47	1.23
002040109	ஆண்களே	0.49	0.95
002040110	குறைய	4.47	4.85
002040145	அன்னைக்கும்	1.67	2.1799999999999997
002040152	அணிவதை	1.7	2.09
002040171	அவமானங்கள்	0.94	1.58
002040188	அடையாளமா	3.16	3.98
002040287	ஆண்டுகளாகவே	1.0	1.77
002040295	அம்பலப்படுத்தியிருக்கிறார்	4.13	5.32
002040341	சுந்தர்	0.46	0.8600000000000001
002040372	அன்னுார்	2.2	2.49
002040397	அரசியலாகி	3.48	4.08
002040463	அனுபவத்தில்	0.88	1.42
002040488	அபாயத்தில்	1.78	2.31
002050003	சந்தானம்	1.28	1.77
002050120	சட்டக்கல்லூரி	0.51	1.23
002050120	சட்டக்கல்லூரி	4.25	5.21
002050164	அராஜக	0.61	1.1600000000000001
002050184	அறுதல்	3.27	3.71
002050250	அதிகரிக்க	0.86	1.4
002050250	அதிகரிக்க	1.4	1.9899999999999998
002050291	இல்லாவிட்டாலும்	0.47	1.2999999999999998
002050310	ஆணையர்களின்	3.09	3.78
002050359	சுடும்	3.49	3.74
002050462	அம்மாள்	3.38	3.86
002070050	ஆகிடும்	1.33	1.73
002070053	அஞ்சலிக்கட்டுரைல	1.64	2.45
002070053	ஆகும்ன்னு	1.27	1.6400000000000001
002070064	அப்பாவை	1.2	1.56
002070075	அஸ்வினுக்கு	3.66	4.140000000000001
002070134	அழிப்பது	2.94	3.4
002070237	கொடு	2.65	3.09
002070259	காந்தியும்	1.97	2.32
002070275	ஆசிர்வாதமும்	2.5	3.16
002070354	அறிகுறிகள்	2.8	3.29
002070358	அவ்வழக்கு	2.35	2.74
002070363	அலைபேசியில்	1.26	1.87
002070486	அறிவித்தபோது	2.02	2.55
002090011	பணக்காரனா	1.7	2.52
002090011	பணக்காரனா	3.69	4.46
002090037	அதிகமாதானே	3.05	4.09
002090132	அருகிலிருக்க	3.5	4.1899999999999995
002090132	அறிஞர்களின்	2.8	3.5
002090137	தப்புதான்	1.57	2.13
002090137	தப்புதான்	4.77	5.39
002090175	வரனும்னு	1.52	2.2
002090175	வரனும்னு	5.14	5.699999999999999
002090182	தருவோம்	4.54	5.12
002090192	அமர்த்துவதில்	1.29	2.04
002090231	புரட்சி	0.46	0.95
002090231	புரட்சி	1.48	2.0
002090231	புரட்சி	2.58	3.0700000000000003
002090231	புரட்சி	4.43	4.8999999999999995
002090261	சிறைகளில்	1.98	2.67
002090261	சிறைகளில்	5.63	6.2299999999999995
002090279	அமல்படுத்தப்பட்டு	5.02	5.88
002090366	அபுதாபியைச்	2.07	2.84
002090372	அன்சாரிக்கு	1.96	2.59
002090396	அழைப்பாளர்களாக	1.64	2.63
002090409	கட்சிகளுக்கும்	1.23	1.95
002090430	அகதிகளாக	4.49	5.220000000000001
002090440	அதிகாரப்பூர்வமற்ற	2.14	3.38
002090480	அதிகாரியின்	2.02	2.68
002090487	அப்போதெல்லாம்	2.32	2.9699999999999998
002090489	அமைப்பானது	3.66	4.36
002100116	ஆவல்	3.76	4.12
002100141	இல்லத்தை	0.84	1.23
002100141	இல்லத்தை	1.68	2.09
002100259	அதிர்ச்சியடைந்த	0.47	1.19
002100347	அளிப்போம்	3.61	4.05
002100375	அவமானத்தில்	2.01	2.59
002100393	அடையாரில்	0.82	1.24
002100474	பலகை	4.85	5.22
002100474	பலகை	7.56	7.869999999999999
002100474	பெயர்ப்	4.51	4.85
002100474	பெயர்ப்	7.26	7.56
002100499	அபிஷேக்	1.81	2.19
002180004	அதுவல்ல	3.07	3.6399999999999997
002180044	சிரித்து	0.32	1.22
002180044	சிரித்து	1.22	2.15
002180051	அம்பதாயிரம்	0.47	1.21
002180084	அடித்துக்கொள்வதாக	2.59	3.36
002180233	அபூர்வ	2.52	2.91
002180392	தீவு	0.73	1.0
002180445	அவமதிப்பாகிவிடும்	2.15	3.16
002190036	அறித்து	3.03	3.4699999999999998
002190070	அஃதிலார்	2.09	2.63
002190098	செயலாளர்கள்	1.37	2.0300000000000002
002190112	பொய்யான	0.46	1.0
002190112	பொய்யான	1.47	2.01
002190112	வேஷம்	2.01	2.4
002190270	அமைச்சருக்குக்	5.68	6.27
002190283	அலட்சியத்தைக்	1.01	1.6800000000000002
002190308	மாநிலங்களின்	4.15	4.84
002190311	அமைதியுடனும்	1.56	2.6
002190379	அரசியலமைப்புச்	0.98	1.69
002190385	அமிஞ்சிகரையில்	1.81	2.4
002200074	கொடுத்தவங்க	1.26	1.81
002200074	கொடுத்தவங்க	2.47	3.0
002200074	கொடுத்தவங்க	3.58	4.12
002200087	குறைய	1.47	1.75
002200087	குறைய	1.75	2.06
002200350	அழைத்துப்	1.52	1.86
002200431	சாந்தி	4.55	5.14
002210004	சொல்றதும்	1.09	1.6
002210004	சொல்றதும்	2.19	2.7199999999999998
002210047	அபிஷேகமாக	3.17	4.01
002210094	அவதாரம்	2.54	3.0700000000000003
002210105	அரிவை	1.16	1.5099999999999998
002210109	ஜீ	1.1	1.37
002210109	ஜீ	2.0	2.25
002210110	அவஸ்தயை	4.19	4.78
002210135	அடுத்தவரின்	2.33	2.85
002210143	உயிரைக்	0.45	0.9
002210143	உயிரைக்	4.76	5.1499999999999995
002210147	அப்பாற்பட்டத	4.11	4.84
002210147	எடுப்பாரு	2.97	3.46
002210147	எடுப்பாரு	5.28	5.96
002210152	கரண்ட்	0.46	0.81
002210152	கரண்ட்	2.74	3.1500000000000004
002210179	கரண்ட்	0.46	1.17
002210199	ஆதவன்	1.42	1.97
002210212	அனுபவித்துக்கொண்டே	1.43	2.31
002210214	அபாயமும்	3.86	4.57
002210216	ஸ்டார்	2.97	3.39
002210231	ஸ்டார்	2.76	3.13
002210239	புரட்சி	2.79	3.18
002210255	சிரித்து	3.6	3.95
002210276	அமர்வில்	1.93	2.32
002210293	அனுமதிக்கப்படுவார்கள்	4.17	5.33
002210317	ஆதரவைத்	6.7	7.24
002210325	அருங்காட்சியகத்தில்	1.33	2.27
002210333	அழகிரியோ	2.09	2.6599999999999997
002210343	அருண்ஜெட்லி	4.75	5.34
002210343	ஆணையத்திடம்	0.83	1.43
002210343	ஆணையத்திடம்	2.94	3.4699999999999998
002210361	ஆதரிப்போம்	6.89	7.699999999999999
002210372	அம்முகாம்களில்	0.48	1.33
002210377	ஆஜராவார்	2.66	3.3000000000000003
002210402	என்பதும்	2.96	3.41
002210405	அஞ்சலிக்காக	4.09	4.72
002210413	அச்சமுற்றனர்	6.57	7.5200000000000005
002210418	தருவோம்	4.68	5.18
002210438	அப்பீல்	2.13	2.48
002210477	அரசுகளும்	1.7	2.21
002210499	ஆசிரமத்தில்	2.28	2.8899999999999997
002220084	தூரத்தில்	0.68	1.06
002220171	அளவுக்கதிகமான	0.45	1.25
002220193	எழுவோம்	0.94	1.22
002220193	எழுவோம்	1.58	1.94
002220193	எழுவோம்	2.68	3.18
002220193	விழ	0.46	0.7
002220193	விழ	0.7	0.94
002220193	விழ	1.22	1.4
002220193	விழ	1.4	1.5799999999999998
002220193	விழ	2.23	2.37
002220456	அந்	1.2	1.31
002230024	கார்டு	0.7	0.96
002230024	கார்டு	1.52	1.72
002230234	அன்பரே	0.47	0.81
002230259	ரீதியிலான	1.05	1.62
002230259	ரீதியிலான	2.7	3.24
002230262	அரியானா	0.48	0.85
002230328	ஒருவழியாக	0.43	0.95
002230328	ஒருவழியாக	2.82	3.3099999999999996
002230390	அடைந்துவிட்டதாக	3.42	3.9899999999999998
002230398	அனைவரையுமோ	2.98	3.59
002230436	காதலிப்பது	2.44	3.0
002230468	அமுதாவின்	0.46	0.8600000000000001
002230471	சுந்தர்	2.67	2.95
002230477	அரைமணி	1.26	1.57
002230480	ஆண்டுக்கு	1.44	1.77
002230487	அறிவுறுத்தியது	5.94	6.49
002230489	தொலைத்தொடர்பு	0.47	0.95
002240119	அழுத்தி	3.24	3.56
002250008	அன்னைக்குதான்	3.17	3.55
002250009	சிரித்தால்	0.82	1.17
002250018	அனுதாப	3.35	3.67
002250019	சாந்தி	2.39	2.7
002250023	பட்ஜெட்	0.91	1.17
002250023	பட்ஜெட்	2.98	3.29
002250040	இருக்கானு	1.69	2.03
002250040	இருக்கானு	3.36	3.62
002250075	வீரப்பன்	0.9	1.26
002250099	சுந்தர்	2.64	2.9000000000000004
002250130	வேணும்னு	1.46	1.83
002250131	ஆக்கு	2.7	3.0
002250177	ஆகனும்ன்னு	1.89	2.4899999999999998
002250190	ஆடுகளுக்கும்	1.1	1.6500000000000001
002250200	அண்மைக்கால	0.82	1.28
002250282	அஸ்வனி	3.58	3.94
002250402	ஆணையத்திடம்	3.03	3.4699999999999998
002250427	ரஷ்ய	2.93	3.33
002250462	அரண்டவன்	0.48	1.01
002250466	அளித்ததால்	2.78	3.26
002250498	செயலாளராக	0.48	1.1099999999999999
002250499	அதற்குத்	0.49	0.8200000000000001
002270145	அடடா	3.01	3.4899999999999998
002280140	அதற்கும்	1.36	1.7600000000000002
002280151	உணவே	2.89	3.45
002280169	அழைப்பிற்கும்	1.13	1.8199999999999998
002280198	அண்ணனை	0.7	1.33
002300010	அப்பாவிடம்	0.48	1.0899999999999999
002300010	அம்மாவிடமும்	2.03	2.6199999999999997
002300010	காண்பிக்காத	1.09	1.6800000000000002
002300010	காண்பிக்காத	3.14	3.71
002300011	நெருங்க	0.83	1.1099999999999999
002300011	நெருங்க	1.11	1.3900000000000001
002300027	சுந்தர்	2.26	2.54
002300117	அசதியாக	1.96	2.37
002300173	சித்திரை	0.33	1.03
002300207	ஆங்கிலேய	1.45	1.8399999999999999
002300250	பாலா	0.78	1.24
002300289	அச்சுதானந்தனையும்	1.59	2.7
002300330	அவருக்குக்	1.6	1.98
002310001	புள்ளி	2.14	2.52
002310038	ஆணின்	0.95	1.4
002310044	அதிசய	0.94	1.44
002310055	நடந்ததா	3.34	4.07
002310058	ஈர்ப்பு	1.11	1.54
002310058	ஈர்ப்பு	3.36	4.03
002310080	அம்பு	2.38	2.86
002310094	அசிங்க	2.27	2.63
002310101	பிரச்சனைக்கும்	1.29	2.01
002310101	பிரச்சனைக்கும்	2.78	3.4899999999999998
002310146	தொகுதிகளில்	4.35	5.08
002310198	காதலிப்பது	2.7	3.41
002310198	காதலிப்பது	5.76	6.54
002310252	அகவிலைப்படி	2.68	3.72
002310350	கிளிநொச்சி	0.91	1.54
002310384	போட்டிகளிலும்	5.31	6.069999999999999
002310408	அணுகினார்	6.27	6.959999999999999
002310419	அவைகளிலும்	4.87	5.69
002310425	ஆணையருக்கு	6.25	6.87
002340003	சட்டி	1.94	2.53
002340003	சட்டி	4.32	4.8100000000000005
002340138	அப்புன	2.8	3.33
002340236	வரனும்னு	3.11	3.6999999999999997
002340346	சட்டக்கல்லூரி	0.94	1.54
002340451	அழைப்பும்	6.2	6.55
002350023	வும்	0.83	1.1
002350105	வேணும்னு	1.07	1.48
002350236	பம்பரம்	1.12	1.56
002350236	பம்பரம்	2.89	3.3200000000000003
002350246	பொய்யான	4.1	4.51
002350256	ஆதரவாளர்களுடன்	4.01	4.64
002350273	அறிவிப்பில்	2.23	2.91
002350283	அறையை	4.84	5.1899999999999995
002350299	அழுதனர்	3.35	3.8000000000000003
002350354	அங்கும்	3.88	4.2
002350359	அப்பெண்ணின்	3.46	3.87
002350366	அமெரிக்காவுக்கு	0.55	1.31
002350372	அப்பெண்ணை	1.27	1.67
002360049	பொம்பள	2.29	2.67
002360049	பொம்பள	3.29	3.76
002360073	விழ	1.81	2.11
002360213	இருக்கானு	2.38	2.76
002360264	ஆடுகின்றன	4.25	4.91
002360341	அணிவகுத்து	4.37	4.99
002370001	கொடு	3.95	4.19
002370033	அருள்நிதி	6.34	6.96
002370063	ஸ்டார்	4.84	5.21
002370114	சொன்னாங்களா	2.23	2.96
002370114	சொன்னாங்களா	4.64	5.41
002370152	உண்பதில்லை	2.95	3.71
002370152	உண்பதில்லை	6.01	6.6899999999999995
002370209	கேடு	7.72	8.07
002370253	சம்மந்தம்	6.87	7.51
002370253	சம்மந்தம்	9.05	9.72
002370369	அளிக்காமல்	1.75	2.4
002370372	அரங்கேறி	8.37	8.86
002370389	கிளிநொச்சி	2.41	3.2600000000000002
002370408	தமிழர்களிடம்	4.47	5.34
002370488	புள்ளி	3.6	3.98
002380009	அடிமைகளாய்	1.79	2.35
002380019	செயலாளராக	3.1	3.97
002380091	தாள்	2.92	3.2
002380091	தாள்	6.59	6.89
002380091	தாள்	9.85	10.11
002380110	உடம்பு	0.46	0.87
002380224	மொட்டை	3.44	3.99
002380246	அலுவலகத்தை	3.64	4.32
002380246	அவசரகதியில்	2.76	3.61
002380246	கழுவி	2.03	2.53
002380292	அவதிப்பட்டு	3.01	3.51
002380297	அரசியலமைப்பு	5.95	6.5200000000000005
002380338	அப்பகுதியின்	1.51	2.25
002380377	அனுமதிப்பது	11.08	11.76
002380389	அத்தோடு	0.45	0.95
002380438	அமைச்சகத்திற்கு	2.35	3.22
002380445	சம்மந்தம்	2.53	3.04
002380450	விரைவாக	1.39	1.94
002380457	அறிவிப்புகளையும்	2.11	2.9299999999999997
002380473	சாந்தி	5.04	5.52
TA0321-TA0323_2-B.100	அனுபவத்தை	1.11	1.61
TA0322-TA0324_1-A.023	அடிப்படையான	0.18	0.73
TA0322-TA0324_2-A.014	பகுதியும்	2.14	2.54
TA0322-TA0324_2-A.014	பகுதியும்	4.3	4.609999999999999
TA0323-TA0324_1-A.034	கொடுப்பாங்க	0.75	1.29
TA0323-TA0324_1-A.034	கொடுப்பாங்க	2.54	3.05
TA0323-TA0324_1-A.138	நாக	0.48	0.86
TA0323-TA0324_1-A.138	நாக	1.37	1.73
TA0323-TA0324_2-A.013	ஆணையோ	1.23	1.65
TA0323-TA0324_2-A.022	திருமணமாக	0.68	1.29
TA0323-TA0324_2-A.022	திருமணமாக	3.98	4.63
TA0323-TA0324_2-A.031	அன்பாக	3.48	3.99
TA0323-TA0324_2-A.038	அவங்கலாம்	2.1	2.46
TA0323-TA0324_2-A.038	அவங்கலாம்	3.01	3.3899999999999997
TA0323-TA0324_2-A.053	திருமணமாக	3.16	3.7800000000000002
TA0323-TA0324_2-A.065	அதற்க்கு	1.64	2.01
TA0323-TA0324_2-A.078	வீட்ட	1.23	1.44
TA0323-TA0324_2-A.078	வீட்ட	3.05	3.28
TA0323-TA0324_2-A.099	வாழக்கை	3.02	3.43
TA0323-TA0324_2-A.099	வாழக்கை	4.02	4.4399999999999995
TA0323-TA0324_2-A.129	வளர்க்க	4.36	4.720000000000001
TA0323-TA0324_2-A.130	வளர்க்க	0.18	0.51
TA0323-TA0324_2-A.130	வளர்க்க	1.94	2.29
TA0325-TA0326_1-B.006	பண்ணுவ	1.56	1.96
TA0325-TA0326_1-B.362	முடில	1.61	2.19
TA0325-TA0326_1-B.362	முடில	3.08	3.64
TA0325-TA0326_1-B.366	அக்கௌன்ட்	1.38	1.7
TA0325-TA0326_2-A.020	ஒருத்தனுக்கு	0.92	1.4300000000000002
TA0325-TA0326_2-A.020	ஒருத்தனுக்கு	1.56	1.96
TA0325-TA0327_2-B.072	அவ்ளோதான்	4.08	4.67
TA0326-TA0328_1-A.184	இங்கிலீஷ்	1.04	1.44
TA0326-TA0328_1-A.184	மீடியம்	1.44	1.74
TA0326-TA0328_1-A.184	மீடியம்	2.39	2.71
TA0326-TA0328_1-A.233	இங்கிலீஷ்	1.13	1.5099999999999998
TA0326-TA0328_2-A.202	இருபத்தி	0.27	0.6799999999999999
TA0326-TA0328_2-A.208	இருபத்தி	0.16	0.51
TA0326-TA0328_2-A.208	இருபத்தி	1.47	1.81
TA0326-TA0328_2-A.208	கிராம்	0.67	0.93
TA0326-TA0328_2-A.208	கிராம்	1.96	2.2199999999999998
TA0326-TA0328_2-A.237	இருபத்தி	3.74	4.07
TA0326-TA0328_2-A.237	கிராம்	4.22	4.49
TA0326-TA0328_2-A.345	விசில்	0.08	0.37
TA0326-TA0328_2-A.345	விசில்	1.18	1.5699999999999998
TA0327-TA0328_2-A.030	நடத்துவாங்க	0.24	0.98
TA0327-TA0328_2-A.030	நடத்துவாங்க	3.11	3.7399999999999998
TA0329-TA0330_2-A.005	விருதாச்சலம்	1.88	2.42
TA0329-TA0330_2-A.005	விருதாச்சலம்	2.5	2.98
TA0331-TA0332_2-B.314	முடில	1.64	2.05
TA0333-TA0335_2-A.090	எங்கயுமே	0.5	0.9199999999999999
TA0333-TA0335_2-A.090	எங்கயுமே	1.47	1.74
TA0335-TA0336_1-A.238	சித்திரை	0.14	0.65
TA0335-TA0336_1-A.238	சித்திரை	2.43	2.79
TA0341-TA0342_2-B.224	நிஜமா	0.17	0.5
TA0341-TA0342_2-B.224	நிஜமா	0.66	1.08
TA0342-TA0344_1-B.062	நம்பள	0.23	0.52
TA0342-TA0344_1-B.062	நம்பள	2.14	2.3600000000000003
TA0343-TA0344_1-B.073	இஷ்டத்துக்கு	0.45	0.97
TA0343-TA0344_1-B.073	இஷ்டத்துக்கு	1.96	2.48
TA0345-TA0346_1-A.215	முக்காவாசி	1.02	2.05
TA0346-TA0348_2-B.005	கரெக்ட்	0.45	0.8300000000000001
TA0347-TA0348_1-A.131	உணவே	1.05	1.46
TA0347-TA0348_2-A.138	புரிஞ்சிக்க	2.02	2.58
TA0350-TA0352_2-B.121	இருந்துச்சு	1.38	1.7599999999999998
TA0351-TA0352_1-A.173	ஊமை	0.55	0.81
TA0351-TA0352_1-A.173	ஊமை	1.42	1.67
TA0357-TA0359_1-B.097	கண்ணு	0.06	0.39
TA0357-TA0359_1-B.097	கண்ணு	3.32	3.54
TA0357-TA0359_1-B.097	கல்லீரல்	1.26	1.79
TA0357-TA0359_1-B.097	கல்லீரல்	2.61	3.07
TA0359-TA0360_2-A.155	காய்கறி	1.15	1.5599999999999998
TA0361-TA0362_2-B.111	கொஞ்சமா	1.28	1.65
TA0361-TA0362_2-B.111	கொஞ்சமா	1.65	2.13
TA0361-TA0363_1-A.276	வீடா	0.81	1.06
TA0361-TA0363_2-B.019	உடம்பு	3.91	4.19
TA0363-TA0364_2-A.277	அம்பது	0.0	0.38
TA0363-TA0364_2-A.277	அம்பது	1.53	1.81
TA0363-TA0364_2-A.277	அம்பது	2.41	2.73
TA0363-TA0364_2-A.277	கிராம்	0.38	1.08
TA0363-TA0364_2-A.277	கிராம்	1.81	2.06
TA0363-TA0364_2-A.277	கிராம்	2.73	2.96
TA0363-TA0364_2-B.298	சோம்பு	0.09	0.6799999999999999
TA0363-TA0364_2-B.298	சோம்பு	2.25	2.7
TA0370-TA0372_2-B.128	அதுங்காட்டி	0.13	0.76
TA0377-TA0378_1-B.323	போவேன்	1.28	1.67
TA0378-TA0380_1-B.298	கலர்	0.77	1.04
TA0378-TA0380_1-B.298	கலர்	1.45	1.74
TA0378-TA0380_1-B.298	கலர்	2.69	3.01
TA0378-TA0380_1-B.298	கலர்	3.36	3.63
TA0378-TA0380_1-B.298	வேணும்னு	1.04	1.45
TA0378-TA0380_1-B.298	வேணும்னு	3.01	3.36
TA0387-TA0388_2-B.034	ஆகிடும்னு	2.59	3.13
TA0391-TA0392_2-A.208	இங்கிலீஷ்	1.2	1.66
TA0393-TA0395_1-B.015	டீச்	0.48	0.75
TA0393-TA0395_1-B.015	டீச்	2.57	2.8099999999999996
TA0393-TA0395_2-A.422	வேணும்னு	1.29	1.62
TA0393-TA0395_2-B.282	ஒடைச்சு	0.44	0.96
TA0393-TA0395_2-B.282	ஒடைச்சு	1.38	1.88
TA0394-TA0396_2-A.132	வேஷம்	0.62	0.99
TA0395-TA0396_2-A.284	நம்பள	3.6	4.03
TA0395-TA0396_2-B.112	கண்ணு	3.06	3.48
TA0397-TA0398_2-A.056	சொல்லவா	2.15	2.5
TA0397-TA0399_2-B.085	ஸ்கோர்	1.55	1.81
TA0397-TA0399_2-B.085	ஸ்கோர்	2.84	3.08
TA0398-TA0400_1-B.201	இங்கிலீஷ்	0.08	0.52
TA0398-TA0400_1-B.201	இங்கிலீஷ்	1.23	1.53
TA0398-TA0400_1-B.201	இங்கிலீஷ்	2.33	2.63
TA0398-TA0400_1-B.201	மீடியம்	1.53	1.8
TA0398-TA0400_2-B.150	அபரம்	1.64	1.88
TA0398-TA0400_2-B.253	உயிரினம்	0.34	0.79
TA0398-TA0400_2-B.253	உயிரினம்	1.72	2.2199999999999998
TA0401-TA0403_2-B.081	புரிஞ்சிக்க	1.11	1.4900000000000002
TA0402-TA0404_2-A.149	அன்பானவன்	1.5	2.07
TA0403-TA0404_2-B.045	மியூசிக்	0.97	1.25
TA0403-TA0404_2-B.045	மியூசிக்	5.2	5.63
TA0405-TA0406_2-A.322	புடிச்சி	2.15	2.51
TA0405-TA0407_2-A.050	வர்றது	1.0	1.45
TA0405-TA0407_2-A.050	வர்றது	1.89	2.5999999999999996
TA0409-TA0411_1-B.184	போனோம்	0.77	1.11
TA0409-TA0411_1-B.184	போனோம்	2.21	2.85
TA0409-TA0411_1-B.246	நம்பள	0.42	0.73
TA0410-TA0412_2-B.011	போனோம்	1.46	2.09
TA0411-TA0412_2-A.151	அக்காக்கு	0.42	0.76
TA0413-TA0415_2-B.043	மியூசிக்	0.19	0.74
TA0413-TA0415_3-A.016	மியூசிக்	0.39	0.81
TA0413-TA0415_3-A.016	மியூசிக்	1.05	1.4100000000000001
TA0413-TA0415_3-A.182	மியூசிக்	0.36	0.8200000000000001
TA0413-TA0415_3-A.294	மியூசிக்	0.44	0.76
TA0414-TA0416_1-A.155	அப்பாவா	3.86	4.2
TA0415-TA0416_1-B.120	நம்மலுக்கு	0.1	0.5
TA0415-TA0416_1-B.120	நம்மலுக்கு	2.05	2.5199999999999996
TA0415-TA0416_2-B.024	அம்மாதான்	1.74	2.24
TA0415-TA0416_2-B.176	சொல்லுவான்	3.85	4.37
TA0417-TA0419_1-B.002	அவளவு	5.08	5.37
TA0421-TA0422_1-A.257	நல்லவங்க	0.66	1.7400000000000002
TA0421-TA0422_1-A.257	நல்லவங்க	2.58	3.1100000000000003
TA0425-TA0426_1-B.065	கபடி	1.47	1.9
TA0425-TA0426_2-A.224	ஸ்டார்	2.2	2.35
TA0425-TA0426_2-B.237	து	2.09	2.3
TA0425-TA0426_2-B.237	து	2.61	2.6799999999999997
TA0425-TA0426_2-B.388	அதைப்பற்றி	0.94	1.39
TA0425-TA0427_1-A.088	பிளாஸ்டிக்	2.25	2.67
TA0425-TA0427_1-A.088	ரைஸ்	1.19	1.67
TA0425-TA0427_1-A.088	ரைஸ்	2.67	2.88
TA0426-TA0428_1-A.089	சொல்லுவான்	0.49	0.8999999999999999
TA0426-TA0428_1-A.089	சொல்லுவான்	1.48	1.78
TA0426-TA0428_1-A.266	வீட்ட	0.46	0.73
TA0426-TA0428_2-A.035	சந்தானம்	2.51	3.3
TA0426-TA0428_2-A.112	சந்தானம்	0.86	1.28
TA0429-TA0430_2-B.081	சண்டைகள்	0.75	1.27
TA0429-TA0430_2-B.081	சண்டைகள்	2.56	2.95
TA0429-TA0431_2-B.109	ஐநூறு	0.7	1.14
TA0430-TA0432_1-B.006	அம்மாவோட	2.59	2.98
TA0430-TA0432_1-B.056	ஆகுற	1.21	1.42
TA0430-TA0432_2-A.178	அலங்காரம்	1.09	1.7400000000000002
TA0430-TA0432_2-A.201	மொட்டை	1.74	2.07
TA0434-TA0436_1-B.027	கார	0.13	0.41000000000000003
TA0435-TA0436_1-A.048	வும்	0.55	0.65
TA0435-TA0436_1-A.048	வும்	1.75	1.84
TA0435-TA0436_1-A.094	ஆசையா	1.38	1.7799999999999998
TA0437-TA0438_1-B.225	குடு	0.58	0.9199999999999999
TA0437-TA0438_1-B.264	பிளாஸ்டிக்	0.18	0.59
TA0437-TA0438_1-B.264	பிளாஸ்டிக்	1.28	1.6400000000000001
TA0437-TA0439_1-B.311	காளை	1.06	1.32
TA0438-TA0440_1-B.014	கொண்டாடுவோம்	3.66	4.470000000000001
TA0438-TA0440_1-B.016	கொண்டாடுவோம்	1.68	2.61
TA0438-TA0440_1-B.016	கொண்டாடுவோம்	3.96	4.76
TA0438-TA0440_1-B.063	கொண்டாடுவோம்	1.85	2.5300000000000002
TA0441-TA0442_2-A.132	உடம்பு	2.89	3.2600000000000002
TA0442-TA0444_2-A.015	வீடா	0.51	0.69
TA0442-TA0444_2-A.015	வீடா	0.97	1.22
TA0443-TA0444_1-B.082	அம்பது	0.2	0.5800000000000001
TA0445-TA0447_1-A.023	பெரியப்பா	1.76	2.15
TA0446-TA0448_2-B.184	சாப்புடுவாங்க	1.12	1.73
TA0446-TA0448_2-B.184	சாப்புடுவாங்க	3.5	4.05
TA0446-TA0448_2-B.239	அழுதேன்	0.17	0.5700000000000001
TA0447-TA0448_2-A.041	கார	0.0	0.43
TA0447-TA0448_2-B.145	சோம்பு	0.79	1.23
TA0447-TA0448_2-B.165	பொடி	0.04	0.27999999999999997
TA0447-TA0448_2-B.165	பொடி	0.66	0.89
TA0447-TA0448_2-B.165	பொடி	1.27	1.56
TA0447-TA0448_2-B.165	பொடி	2.31	2.59
TA0449-TA0450_2-B.055	அப்பதான்	1.88	2.65
TA0449-TA0451_1-A.038	வைத்தியம்	0.53	1.66
TA0449-TA0451_1-A.038	வைத்தியம்	1.93	2.33
TA0451-TA0452_1-B.047	நந்தி	0.91	1.35
TA0451-TA0452_1-B.055	அவர	0.21	0.49
TA0453-TA0455_1-B.225	அய்யய்யோ	0.23	0.44
TA0455-TA0456_2-B.064	பிரதீப்	0.03	0.45999999999999996
TA0455-TA0456_2-B.064	பிரதீப்	1.76	2.18
TA0457-TA0458_2-A.301	விசியங்கள்	1.57	1.9700000000000002
TA0457-TA0459_1-B.357	கடலை	2.97	3.5900000000000003
TA0457-TA0459_1-B.357	காய்கறி	1.18	1.88
TA0458-TA0460_1-B.176	கல்லு	0.88	1.46
TA0458-TA0460_1-B.176	கல்லு	1.49	1.8
TA0465-TA0467_1-B.214	போனோம்	1.82	2.04
TA0473-TA0474_1-B.173	பையனும்	1.18	1.5699999999999998
TA0473-TA0475_2-B.133	காய்கறி	0.94	1.27
TA0473-TA0475_2-B.133	காய்கறி	1.91	2.31
TA0474-TA0476_1-A.100	ஆசிப்	0.23	0.7
TA0474-TA0476_1-B.019	சுட	3.61	3.9
TA0474-TA0476_1-B.019	சுட	3.9	4.11
TA0474-TA0476_1-B.084	போவேன்	3.98	4.35
TA0479-TA0480_1-A.118	போயிருக்கேன்	0.81	1.59
TA0479-TA0480_1-A.118	போயிருக்கேன்	2.2	3.0100000000000002
TA0479-TA0480_1-A.135	நந்தி	0.2	0.79
TA0479-TA0480_1-A.135	நந்தி	1.56	1.86
TA0479-TA0480_2-B.040	போவேன்	1.96	2.52
TA0479-TA0480_2-B.047	பாம்பன்	0.64	1.22
TA0479-TA0480_2-B.047	பாம்பன்	4.19	4.590000000000001
TA0483-TA0484_1-B.007	அதுமாறி	0.55	0.8400000000000001
TA0489-TA0490_2-A.249	கார்டு	0.76	1.1099999999999999
TA0489-TA0491_1-B.061	அடிங்க	1.09	1.67
TA0490-TA0492_2-B.219	மலையாளம்	0.65	1.19
TA0490-TA0492_2-B.231	அம்மாக்கும்	0.41	1.3499999999999999
TA0490-TA0492_2-B.231	மலையாளம்	1.56	2.0300000000000002
TA0490-TA0492_2-B.231	மலையாளம்	2.89	3.3400000000000003
TA0491-TA0492_1-A.061	ஆகலை	1.29	1.77
TA0493-TA0494_1-B.098	புடிச்சி	4.05	4.29
TA0493-TA0494_1-B.098	போவேன்	3.23	3.76
TA0493-TA0494_1-B.098	போவேன்	4.29	4.72
TA0493-TA0494_2-B.269	அதன்ன	1.76	1.99
TA0498-TA0500_1-A.153	படத்துக்கும்	0.31	1.1
TA0498-TA0500_1-A.153	படத்துக்கும்	1.61	2.2800000000000002
TA0498-TA0500_1-B.113	அதுக்காக	0.09	0.59
TA0503-TA0504_1-A.090	அமா	0.15	0.49
TA0503-TA0504_2-A.107	ஜாஸ்தியா	0.4	0.72
TA0503-TA0504_2-A.107	ஜாஸ்தியா	1.36	1.6700000000000002
TA0505-TA0506_2-B.045	காமிக்கிறாங்க	0.52	1.23
TA0505-TA0506_2-B.045	காமிக்கிறாங்க	3.19	3.95
TA0505-TA0507_2-B.058	அதுவா	3.32	3.6199999999999997
TA0506-TA0508_1-A.219	அப்டின்னுட்டு	0.95	1.39
TA0507-TA0508_1-B.197	அதுதானே	0.96	1.47
TA0509-TA0510_2-A.054	அந்தமாறி	1.12	1.4900000000000002
TA0509-TA0510_2-B.250	அதுவரைக்கும்	0.58	1.19
TA0510-TA0512_1-B.328	அப்பறமா	0.14	0.5
TA0515-TA0516_1-A.081	அதுக்கான	0.46	0.9
TA0517-TA0519_2-B.402	ஜீ	1.77	2.02
TA0521-TA0522_1-A.404	அதுக்காக	0.11	0.62
TA0521-TA0523_1-A.286	அதுக்காக	0.22	0.7
TA0523-TA0524_1-A.150	அம்பது	1.89	2.1399999999999997
TA0527-TA0528_1-A.016	செம	1.29	1.62
TA0533-TA0534_1-A.274	முக்காவாசி	1.9	2.27
TA0533-TA0534_1-A.274	முக்காவாசி	3.1	3.56
TA0537-TA0538_2-B.003	அறியாம	3.63	4.15
TA0537-TA0538_2-B.006	ஆடுறாங்க	2.17	2.87
TA0537-TA0538_2-B.154	விசியங்கள்	0.4	0.8200000000000001
TA0537-TA0538_2-B.154	விசியங்கள்	1.53	1.95
TA0537-TA0539_1-B.176	கபடி	0.0	0.62
TA0537-TA0539_1-B.176	கபடி	0.88	1.45
TA0537-TA0539_1-B.176	கபடி	2.52	2.95
TA0538-TA0540_1-A.103	விசியங்கள்	2.01	2.44
TA0538-TA0540_1-B.045	இருந்துச்சு	2.41	2.83
TA0539-TA0540_1-B.186	கடைசில	2.32	3.4799999999999995
TA0543-TA0544_2-B.153	சந்தானம்	1.74	2.18
TA0549-TA0550_1-A.109	தப்புதான்	0.4	0.71
TA0549-TA0551_2-B.175	இருக்கவங்க	0.73	1.24
TA0549-TA0551_2-B.175	இருக்கவங்க	4.68	5.18
TA0551-TA0552_1-A.214	அதிகபட்சமா	2.12	2.97
TA0554-TA0556_2-B.173	இருந்துச்சு	1.42	1.81
TA0554-TA0556_2-B.173	இருந்துச்சு	2.77	3.2
TA0554-TA0556_2-B.173	போனோம்	3.6	3.9
TA0555-TA0556_1-A.030	அமைச்சு	1.56	1.8900000000000001
TA0555-TA0556_2-B.059	பரவால்ல	0.92	1.6400000000000001
TA0555-TA0556_2-B.059	பரவால்ல	2.76	3.19
TA0555-TA0556_2-B.132	கடைசில	2.65	3.09
TA0555-TA0556_2-B.244	யாரையோ	0.6	0.88
TA0555-TA0556_2-B.244	யாரையோ	1.71	1.97
TA0561-TA0562_2-A.156	இஷ்டத்துக்கு	1.1	1.86
TA0563-TA0564_2-A.135	அவங்களுக்காக	0.69	1.2
TA0563-TA0564_2-A.135	ஆங்	0.11	0.2
TA0565-TA0566_2-A.099	கரெக்ட்	2.01	2.3
TA0571-TA0572_2-A.040	கார	0.17	0.48
TA0571-TA0572_2-A.040	கார	1.5	1.83
TA0573-TA0575_2-B.223	நம்பள	0.32	0.66
TA0574-TA0576_1-A.193	கடைசில	0.17	1.04
TA0574-TA0576_1-A.193	கடைசில	2.36	3.0599999999999996
TA0574-TA0576_1-B.082	அருந்ததி	0.15	0.59
TA0577-TA0578_2-B.207	தப்புதான்	0.85	1.3599999999999999
TA0578-TA0580_1-A.067	வளர	1.53	1.83
TA0578-TA0580_1-A.067	வளர	1.83	2.12
TA0578-TA0580_1-B.241	அதனாலே	0.11	0.51
TA0579-TA0580_2-A.040	அப்பல்லாம்	0.85	1.3900000000000001
TA0581-TA0582_1-B.254	அவர	0.16	0.49
TA0582-TA0584_2-A.270	செம	0.33	0.71
TA0583-TA0584_2-A.401	அரக்கோணம்	1.44	1.81
TA0585-TA0586_2-A.011	அரசியல்வாதிங்க	0.64	1.13
TA0585-TA0586_2-B.228	அரசாங்கத்திற்கு	2.62	3.24
TA0585-TA0587_1-B.016	இங்கயே	2.94	3.52
TA0585-TA0587_1-B.016	இங்கயே	4.56	4.76
TA0585-TA0587_2-B.140	அவங்களாம்	0.28	0.67
TA0587-TA0588_1-B.029	அண்ணன்கள்	1.34	1.77
TA0587-TA0588_1-B.084	அதுகூட	0.0	0.86
TA0589-TA0590_1-B.316	வேதா	1.22	1.42
TA0589-TA0590_1-B.316	வேதா	1.96	2.33
TA0594-TA0596_1-B.066	கடைசில	0.17	0.7200000000000001
TA0594-TA0596_2-B.290	அதுக்கெல்லாம்	0.25	0.63
TA0597-TA0598_1-A.225	இருக்கானு	0.96	1.43
TA0598-TA0600_1-A.190	அப்பாம்மா	0.3	0.6499999999999999
TA0605-TA0606_1-A.251	ஐநூறு	0.93	1.4700000000000002
TA0605-TA0606_1-A.251	ஐநூறு	3.05	3.61
TA0607-TA0608_1-B.347	அப்துல்லா	0.23	1.28
TA0607-TA0608_1-B.347	அப்துல்லா	2.02	2.67
TA0613-TA0614_2-A.182	கரெக்ட்	0.42	0.74
TA0613-TA0614_2-A.182	கரெக்ட்	1.16	1.5799999999999998
TA0614-TA0616_1-B.211	உணவுகளும்	1.0	1.3599999999999999
TA0614-TA0616_1-B.211	உணவுகளும்	1.39	1.8499999999999999
TA0614-TA0616_2-A.210	செம	0.94	1.2999999999999998
TA0615-TA0616_1-B.064	ஆக்ரோஷமா	1.76	2.3200000000000003
TA0615-TA0616_2-B.108	அதுலயே	2.72	3.06
TA0617-TA0619_2-B.286	பண்ணுவ	1.66	2.21
TA0617-TA0619_2-B.289	பண்ணுவ	0.86	1.19
TA0617-TA0619_2-B.289	பண்ணுவ	2.7	3.1300000000000003
TA0619-TA0620_2-B.240	அப்டித்தான்	0.99	1.35
TA0621-TA0623_1-B.100	அப்புடியே	1.93	2.49
TA0625-TA0627_2-A.088	அவங்களுக்கும்	2.33	2.8
TA0625-TA0627_2-A.088	அவங்களுக்கும்	3.3	3.73
TA0625-TA0627_2-B.049	சித்தப்பா	0.66	1.08
TA0625-TA0627_2-B.049	சித்தப்பா	2.58	2.94
TA0625-TA0627_2-B.063	அஞ்சாவது	2.03	2.61
TA0629-TA0630_2-B.123	அமலா	1.67	2.17
TA0629-TA0630_2-B.123	அமலா	3.1	3.43
TA0633-TA0635_1-A.357	போயிருக்கேன்	0.48	0.83
TA0633-TA0635_1-B.286	நந்தி	0.1	0.56
TA0633-TA0635_1-B.286	நந்தி	0.59	0.94
TA0633-TA0635_1-B.286	நந்தி	1.81	2.24
TA0633-TA0635_2-A.038	இங்கதான்	0.2	0.54
TA0633-TA0635_2-A.038	இங்கதான்	0.54	0.89
TA0633-TA0635_2-B.174	திட்டுவாங்க	0.81	1.2000000000000002
TA0633-TA0635_2-B.174	திட்டுவாங்க	2.67	3.23
TA0637-TA0639_1-B.021	எங்கயுமே	1.27	1.7
TA0638-TA0640_1-B.035	திட்டுவாங்க	0.73	1.18
TA0641-TA0643_1-B.060	படத்துக்காக	0.77	1.4
TA0643-TA0644_1-B.209	அதேமாதிரி	0.14	0.6900000000000001
TA0643-TA0644_2-A.395	கோதுமை	0.51	0.94
TA0643-TA0644_2-A.395	கோதுமை	2.09	2.4699999999999998
TA0643-TA0644_2-B.262	ஆயிடும்	1.02	1.54
TA0643-TA0644_2-B.262	ஆயிடும்	2.31	2.59
TA0643-TA0644_2-B.312	கோதுமை	0.2	0.71
TA0643-TA0644_2-B.312	கோதுமை	1.52	1.9100000000000001
TA0645-TA0646_2-B.346	வேணும்னு	1.1	1.37
TA0646-TA0648_1-A.140	முக்காவாசி	0.73	1.29
TA0646-TA0648_2-B.143	சந்தானம்	0.46	1.06
TA0646-TA0648_2-B.143	சந்தானம்	1.43	1.98
TA0655-TA0656_1-A.002	அதெலாம்	0.37	0.77
TA0655-TA0656_1-B.193	பொம்பள	1.06	1.37
TA0655-TA0656_1-B.249	மலையாளம்	0.49	0.99
TA0655-TA0656_2-A.056	ஒருத்தனுக்கு	2.99	3.5900000000000003
TA0655-TA0656_2-A.137	சொல்வதெல்லாம்	0.71	1.5499999999999998
TA0655-TA0656_2-A.137	சொல்வதெல்லாம்	2.0	2.74
TA0657-TA0658_1-A.071	காப்பீட்டு	2.21	2.67
TA0657-TA0658_1-A.071	காப்பீட்டு	6.75	7.12
TA0657-TA0658_1-B.187	கிராம்	2.86	3.06
TA0665-TA0667_2-A.263	பணியாரம்	0.08	0.54
TA0665-TA0667_2-A.263	பணியாரம்	1.13	1.69
TA0665-TA0667_2-B.014	அப்பளம்	4.67	5.07
TA0665-TA0667_2-B.030	அதுக்கப்றம்	0.15	0.72
TA0665-TA0667_2-B.199	கார	1.26	1.58
TA0665-TA0667_2-B.199	பணியாரம்	1.58	1.99
TA0665-TA0667_2-B.199	பணியாரம்	2.94	3.4
TA0669-TA0671_2-B.309	ஆவின்	0.08	0.44
TA0669-TA0671_2-B.309	ஆவின்	1.07	1.42
TA0674-TA0676_1-B.165	ஆத்து	0.23	0.63
TA0675-TA0676_2-A.114	அதுனாலதான்	0.6	1.3900000000000001
TA0677-TA0679_1-A.157	பயமா	1.17	1.5499999999999998
TA0677-TA0679_1-B.015	ஆசைப்பட்டு	1.93	2.51
TA0678-TA0680_2-B.084	ஆகட்டும்	5.15	5.590000000000001
TA0678-TA0680_2-B.084	ஆகட்டும்	5.99	6.28
TA0678-TA0680_2-B.084	ஆகட்டும்	6.74	7.12
TA0679-TA0680_1-B.161	குழந்தைங்களுக்கு	1.63	2.19
TA0679-TA0680_1-B.161	குழந்தைங்களுக்கு	2.79	3.43
TA0681-TA0682_1-A.328	வேதா	0.98	1.3599999999999999
TA0682-TA0684_2-A.182	ரைஸ்	0.16	0.61
TA0685-TA0687_1-A.148	அவ்வளவா	0.43	0.73
TA0689-TA0690_1-A.196	படத்துக்காக	1.75	2.2800000000000002
TA0697-TA0698_2-A.096	செம	1.68	2.05
TA0697-TA0699_2-A.227	பண்ணுவ	0.61	1.04
TA0697-TA0699_2-A.227	பண்ணுவ	1.56	2.1100000000000003
TA0703-TA0704_2-A.031	அபோ	0.13	0.42
TA0703-TA0704_2-B.010	முக்காவாசி	1.0	1.7
TA0705-TA0707_2-B.125	உணவே	1.06	1.5
TA0705-TA0707_2-B.125	உணவே	2.77	3.18
TA0707-TA0708_1-A.230	பயமா	2.42	2.7399999999999998
TA0707-TA0708_1-A.230	பயமா	4.07	4.32
TA0707-TA0708_1-A.230	பயமா	5.38	5.64
TA0707-TA0708_2-B.159	அப்பாக்கும்	0.36	0.75
TA0709-TA0710_1-B.080	அடிப்பாரா	1.95	2.41
TA0709-TA0711_1-B.259	அமைதியா	1.55	2.0
TA0709-TA0711_1-B.277	பயமா	2.27	2.66
TA0713-TA0715_1-A.158	மிளகு	0.04	0.36
TA0713-TA0715_1-A.158	மிளகு	0.36	0.78
TA0713-TA0715_1-A.295	பாலா	0.13	0.5
TA0713-TA0715_1-A.295	பாலா	0.89	1.09
TA0713-TA0715_2-B.439	அக்காவும்	0.2	0.73
TA0714-TA0716_1-B.399	போயிருக்கேன்	2.07	2.5
TA0715-TA0716_2-A.164	அப்டின்றிங்க	1.44	2.29
TA0717-TA0718_2-B.086	சொல்லவா	0.56	0.8200000000000001
TA0717-TA0718_2-B.086	சொல்லவா	0.97	1.43
TA0717-TA0719_1-B.224	சித்தப்பா	2.54	3.13
TA0717-TA0719_1-B.224	பெரியப்பா	0.17	0.7300000000000001
TA0717-TA0719_1-B.224	பெரியப்பா	1.98	2.43
TA0717-TA0719_2-A.080	சாக்கு	0.31	0.81
TA0717-TA0719_2-A.080	சாக்கு	1.31	1.7000000000000002
TA0721-TA0723_2-A.389	அத்தான்	1.86	2.1
TA0721-TA0723_2-A.410	அங்கல்லான்	0.13	0.42
TA0722-TA0724_1-B.219	ஈர்ப்பு	1.0	1.47
TA0723-TA0724_1-A.097	அப்டிதான்	0.95	1.42
TA0723-TA0724_1-A.159	இருந்துச்சு	1.14	1.65
TA0733-TA0735_2-A.023	அதுலதான்	1.74	2.33
TA0735-TA0736_1-A.069	அதுக்காக	1.2	1.72
TA0735-TA0736_1-A.069	அதுக்காக	4.1	4.58
TA0735-TA0736_2-A.068	அதுக்காக	0.11	0.53
TA0735-TA0736_2-B.166	வாய்தா	0.16	0.62
TA0735-TA0736_2-B.166	வாய்தா	0.62	1.04
TA0735-TA0736_2-B.166	வாய்தா	1.04	1.44
TA0735-TA0736_2-B.166	வாய்தா	1.44	1.77
TA0741-TA0743_1-B.047	சித்தப்பா	1.42	1.73
TA0741-TA0743_1-B.084	சித்தப்பா	1.63	2.36
TA0741-TA0743_1-B.084	சித்தப்பா	3.38	3.69
TA0757-TA0758_2-B.259	ஆம்பளைங்க	0.12	0.64
TA0757-TA0758_2-B.259	ஆம்பளைங்க	3.26	3.6799999999999997
TA0758-TA0760_2-A.264	அதாங்க	0.22	0.68
TA0758-TA0760_2-B.240	அவன்தான்	1.02	1.38
TA0759-TA0760_2-A.082	அவர	0.68	0.9400000000000001
TA0759-TA0760_2-A.082	அவர	0.94	1.15
TA0763-TA0764_2-A.214	அலைய	0.56	0.8
TA0763-TA0764_2-A.214	ஜாஸ்தியா	1.53	2.0300000000000002
TA0765-TA0766_2-A.081	நம்பள	0.41	0.6699999999999999
TA0766-TA0768_1-A.281	அப்பிடின்னு	2.24	2.58
TA0769-TA0770_1-B.070	அவங்கவங்க	0.14	0.61
TA0769-TA0770_1-B.070	அவங்கவங்க	1.37	1.98
TA0770-TA0772_1-B.002	வந்துச்சி	0.65	1.04
TA0770-TA0772_1-B.002	வந்துச்சி	1.44	1.97
TA0771-TA0772_2-A.073	அடிக்கிறான்	1.31	1.71
TA0773-TA0775_1-A.161	கொடுப்பாங்க	4.92	5.41
TA0775-TA0776_2-B.011	ஏற்காடு	0.15	0.52
TA0775-TA0776_2-B.011	ஏற்காடு	3.15	3.8899999999999997
TA0775-TA0776_2-B.033	அப்பறோம்	1.32	1.6500000000000001
TA0777-TA0778_1-A.103	இன்ன	0.54	0.89
TA0777-TA0778_1-A.148	இன்ன	0.59	0.7999999999999999
TA0777-TA0778_1-A.148	இன்ன	1.18	1.3599999999999999
TA0777-TA0778_1-A.157	விசியங்கள்	0.52	1.02
