281474976714198
281474976714213
281474976714988
281474976715000
281474976715019
281474976715237
281474976715317
281474976715351
281474976715352
281474976715377
281474976715378
281474976715415
281474976715505
281474976715581
281474976715640
281474976715737
281474976715807
281474976715827
281474976715910
281474976715926
281474976715931
281474976716080
281474976716090
281474976716101
281474976716173
281474976716195
281474976716257
281474976716264
281474976716435
281474976716450
281474976717404
281474976717442
281474976717446
281474976717466
281474976717516
281474976717592
281474976718319
281474976718421
281474976718447
281474976719298
281474976719311
281474976719491
281474976719503
281474976719773
281474976719830
281474976719854
281474976719908
281474976719985
281474976720089
281474976720187
281474976720261
281474976720381
281474976720521
281474976720577
281474976720610
281474976720744
281474976720785
281474976720922
281474976720929
281474976720994
281474976721075
281474976721097
281474976721122
281474976721222
281474976721276
281474976721433
281474976721501
281474976721598
281474976721861
281474976721945
281474976722225
281474976722233
281474976722247
281474976722423
281474976722618
281474976722788
281474976722946
281474976722982
281474976723015
281474976723052
281474976723068
281474976723124
281474976723190
281474976723290
281474976723414
281474976723434
281474976723523
281474976723801
281474976723969
281474976723972
281474976723997
281474976724098
281474976724119
281474976724137
281474976724162
281474976724225
281474976724256
281474976724360
281474976724362
281474976724366
281474976724451
281474976724605
281474976724762
281474976724836
281474976726924
281474976727005
281474976727006
281474976727103
281474976727440
281474976727538
281474976727611
281474976727874
281474976727912
281474976727950
281474976728075
281474976728084
281474976728126
281474976728314
281474976728356
281474976728746
281474976728891
281474976728947
281474976728948
281474976728968
281474976728987
281474976729704
281474976729817
281474976729823
281474976729844
281474976729887
281474976730083
281474976730117
281474976730127
281474976730175
281474976730268
281474976730284
281474976731496
281474976731518
281474976731543
281474976731569
281474976731777
281474976731883
281474976732005
281474976732038
281474976732081
281474976732132
281474976732216
281474976732222
281474976732233
281474976732424
281474976732656
281474976732786
281474976732856
281474976732887
281474976732962
281474976732971
281474976733029
281474976733071
281474976733088
281474976733097
281474976733221
281474976734399
281474976734481
281474976734483
281474976734614
281474976734651
281474976734725
281474976734753
281474976734791
281474976734826
281474976735037
281474976735078
281474976737596
281474976737601
281474976737687
281474976737690
281474976737788
281474976737819
281474976737843
281474976737848
281474976737860
281474976737862
281474976737975
281474976737988
281474976738106
281474976738309
281474976742490
281474976743111
281474976743773
281474976743901
281474976743938
281474976743942
281474976743998
281474976744031
281474976744097
281474976744138
281474976744477
281474976745858
281474976745862
281474976745963
281474976746041
281474976746054
281474976746103
281474976746181
281474976746300
281474976747315
281474976747360
281474976747490
281474976747518
281474976747535
281474976747886
281474976748006
281474976751268
281474976751543
281474976751595
281474976751601
281474976751623
281474976751634
281474976753467
281474976753558
281474976753632
281474976754022
281474976754054
281474976754065
281474976754134
281474976754143
281474976754170
281474976754202
281474976756329
281474976756350
281474976756432
281474976756523
281474976756631
281474976756888
281474976756905
281474976756915
281474976757020
281474976757054
281474976757071
281474976757095
281474976757107
281474976757255
281474976757276
281474976758545
281474976758586
281474976758685
281474976758702
281474976758816
281474976758904
281474976758945
281474976758953
281474976758979
281474976758983
281474976759066
281474976759190
281474976759413
281474976759579
281474976759584
281474976759591
281474976759608
281474976759798
281474976759853
281474976759863
281474976759867
281474976759900
281474976759907
281474976759915
281474976759927
281474976759946
281474976759969
281474976759988
281474976760040
281474976760723
281474976760730
281474976760880
281474976760953
281474976760958
281474976761005
281474976761054
281474976761056
281474976761089
281474976761110
281474976761143
281474976761253
281474976761317
281474976761337
281474976761405
281474976761408
281474976764739
281474976764765
281474976764812
281474976764960
281474976765033
281474976765062
281474976765107
281474976765277
281474976765304
281474976765329
281474976765375
281474976765376
281474976765390
281474976765440
281474976767640
281474976773990
281474976776482
281474976776532
281474976776543
281474976776553
281474976776567
281474976776719
281474976776761
281474976776897
281474976779913
281474976779932
281474976779952
281474976780640
281474976780700
281474976780895
281474976780896
281474976781021
281474976781087
281474976781213
281474976781234
281474976781286
281474976796197
281474976797097
281474976797620
281474976797780
281474976797830
281474976797873
281474976799236
281474976799244
281474976799346
281474976799951
281474976800005
281474976800122
281474976800123
281474976800159
281474976800282
281474976800302
281474976800454
281474976800464
281474976800485
281474976800592
281474976802251
281474976802260
281474976802368
281474976802378
281474976802394
281474976802406
281474976802464
281474976802553
281474976802613
281474976802634
281474976802653
281474976802655
281474976802803
281474976803003
281474976803193
281474976803219
281474976803248
281474976803252
281474976803398
281474976807191
281474976807200
281474976807394
281474976807442
281474976807482
281474976807485
281474976807561
281474976807592
281474976807594
281474976807762
281474976807812
281474976807843
281474976808257
281474976808285
281474976808445
281474976808449
281474976808462
281474976808639
281474976808749
281474976814941
281474976815014
281474976816061
281474976816147
281474976817200
281474976817211
281474976817311
281474976817431
281474976817432
281474976817473
281474976817521
281474976817566
281474976817597
281474976817698
281474976817756
281474976817916
281474976823266
281474976823291
281474976823429
281474976823460
281474976823465
281474976823573
281474976823585
281474976823627
281474976823635
281474976823638
281474976823696
281474976828744
281474976828828
281474976828891
281474976828963
281474976829027
281474976829136
281474976829189
281474976829235
281474976829335
281474976829363
281474976829375
281474976829417
281474976829441
281474976829451
281474976829473
281474976829506
281474976829626
281474976829694
281474976831487
281474976831520
281474976831548
281474976833703
281474976833817
281474976833820
281474976833842
281474976835730
281474976835780
281474976835997
281474976836082
281474976836217
281474976836361
281474976836429
281474976840432
281474976840480
281474976841674
281474976841922
281474976841935
281474976842066
281474976842076
281474976842217
281474976842255
281474976842327
281474976842437
281474976843103
281474976843212
281474976843345
281474976844256
281474976844415
281474976844426
281474976844437
281474976844501
281474976844627
281474976844628
281474976844733
281474976844840
281474976844900
281474976846404
281474976846730
281474976846807
281474976846812
281474976846846
281474976847580
281474976847740
281474976847760
281474976847780
281474976848739
281474976848770
281474976848918
281474976848961
281474976849090
281474976849098
281474976851311
281474976851343
281474976851446
281474976851459
281474976852000
281474976852146
281474976852230
281474976852329
281474976852390
281474976852430
281474976852472
281474976852639
281474976852871
281474976852945
281474976852982
281474976853012
281474976853025
281474976853069
281474976853103
281474976853117
281474976853316
281474976853486
281474976853499
281474976853574
281474976853589
281474976854490
281474976854539
281474976854637
281474976854746
281474976854753
281474976854780
281474976854791
281474976854910
281474976854987
281474976855071
281474976855085
281474976855111
281474976855210
281474976855271
281474976855377
281474976855395
281474976855464
281474976855473
281474976855479
281474976855586
281474976855617
281474976855881
281474976855895
281474976855941
281474976855999
281474976856061
281474976856116
281474976856122
281474976856191
281474976856198
281474976858647
281474976858675
281474976858683
281474976858706
281474976858994
281474976859198
281474976859226
281474976860593
281474976860616
281474976860663
281474976860670
281474976860851
281474976860867
281474976860880
281474976860956
281474976861029
281474976861034
281474976861150
281474976861169
281474976861185
281474976861187
281474976861191
281474976861217
281474976861242
281474976861294
281474976861306
281474976861886
281474976861944
281474976862202
281474976862429
281474976862446
281474976862535
281474976862731
281474976864445
281474976865397
281474976866249
281474976866664
281474976868692
281474976873287
281474976873366
281474976873439
281474976873545
281474976873578
281474976873624
281474976873768
281474976873799
281474976873827
281474976873888
281474976874429
281474976877794
281474976882370
281474976887756
281474976891753
281474976891828
281474976891844
281474976891881
281474976892097
281474976892104
281474976892318
281474976898234
281474976898296
281474976898361
281474976898500
281474976898602
281474976898847
281474976898853
281474976898876
281474976904488
281474976904519
281474976904636
281474976904721
281474976904811
281474976904813
281474976904814
281474976904841
281474976904863
281474976904899
281474976904906
281474976905056
281474976906446
281474976911470
281474976911496
281474976911537
281474976911820
281474976911854
281474976911887
281474976911932
281474976911999
281474976912003
281474976912048
281474976912049
281474976912075
281474976912136
281474976917896
281474976917950
281474976918028
281474976918109
281474976918125
281474976918354
281474976918487
281474976918533
281474976918558
281474976918602
281474976920601
281474976920640
281474976929903
281474976930008
281474976930185
281474976930251
281474976930253
281474976930279
281474976930340
281474976931206
281474976931516
281474976931552
281474976931565
281474976931619
281474976931644
281474976931689
281474976931792
281474976931914
281474976931976
281474976932000
281474976932024
281474976932180
281474976932267
281474976932349
281474976933777
281474976934086
281474976934139
281474976934154
281474976934208
281474976934217
281474976934250
281474976934270
281474976934308
281474976934354
281474976934359
281474976934423
281474976934467
281474976935309
281474976939916
281474976939969
281474976940272
281474976940275
281474976940945
281474976941137
281474976941335
281474976941384
281474976941397
281474976941442
281474976941601
281474976942683
281474976942710
281474976942798
281474976942820
281474976942895
281474976942920
281474976943011
281474976943012
281474976943095
281474976943371
281474976943444
281474976943478
281474976943551
281474976943611
281474976943754
281474976944014
281474976945091
281474976945248
281474976945289
281474976945314
281474976945347
281474976945459
281474976945528
281474976945692
281474976945776
281474976945921
281474976945924
281474976945937
281474976945945
281474976945975
281474976946050
281474976946095
281474976946220
281474976946265
281474976946266
281474976946297
281474976946313
281474976946352
281474976946379
281474976946404
281474976946456
281474976946491
281474976946506
281474976946572
281474976946593
281474976946654
281474976946687
281474976946740
281474976946768
281474976946818
281474976946832
281474976952816
281474976953265
281474976953465
281474976953712
281474976953779
281474976953860
281474976953863
281474976953970
281474976953999
281474976954029
281474976954099
281474976954423
281474976954660
281474976954692
281474976954904
281474976954906
281474976954923
281474976955065
281474976955118
281474976955382
281474976955388
281474976955392
281474976955442
281474976955872
281474976956720
281474976956829
281474976957021
281474976957050
281474976957072
281474976957129
281474976957189
281474976957282
281474976959063
281474976959147
281474976959172
281474976959317
281474976959370
281474976959413
281474976959461
281474976959580
281474976959611
281474976959781
281474976966342
281474976966368
281474976966527
281474976971093
281474976973832
281474976973983
281474976974837
281474976974857
281474976975437
281474976976728
281474976977185
281474976977274
281474976977286
281474976978305
281474976980388
281474976985237
281474976985251
281474976985289
281474976985327
281474976987857
281474976993286
281474976993294
281474976993379
281474976993489
281474976993510
281474976993529
281474976993966
281474976993984
281474976994004
281474976994020
281474976994287
281474977004738
281474977005085
281474977005089
281474977005101
281474977005182
281474977005197
281474977005273
281474977005424
281474977008014
281474977008146
281474977008176
281474977014435
281474977014463
281474977014631
281474977015694
281474977015717
281474977015754
281474977015756
281474977015758
281474977015918
281474977015960
281474977018176
281474977018261
281474977018288
281474977018307
281474977018313
281474977018337
281474977018339
281474977018374
281474977018413
281474977018454
281474977018478
281474977018479
281474977018525
281474977018579
281474977018624
281474977018656
281474977018746
281474977018834
281474977019641
281474977026981
281474977027025
281474977027026
281474977027051
281474977027061
281474977027126
281474977027135
281474977027141
281474977027196
281474977027200
281474977029862
281474977029867
281474977034032
281474977034051
281474977034063
281474977034201
281474977034278
281474977034356
281474977034505
281474977034646
281474977035826
281474977035829
